#unique subjects =  498
#unique objects =  396
#unique concepts =  703
#instances =  1853


--------------------------------------------------------
crux_nouns

role intrinsic meanings: linguistic position

#unique concepts =  110
#instances =  717

#unique O1 =  110
#unique O2 =  110
concept_centric_entropy3 :  0.811385588643838
concept_centric_entropy4 :  0.4321131024396197
concept_centric_entropy5 :  0.31434390353724784
relation_centric_entropy3 :  6.094369175684247
relation_centric_entropy4 :  3.423460496754156
relation_centric_entropy5 :  3.672928824863151
divergence :  -1.5352829589811656
divergence2 :  -0.0881131824914589
divergence3 :  -0.2058823813938305
concept_role_entropy :  2.535582231700964
concept_role_entropy2 :  2.9028197587123308
role_association :  1.7685975859905225
role_association2 :  2.135835113001895
concept_entropy :  3.5115736792456147
concept_entropy2 :  3.8788112062569793
concept_entropy0 :  3.814826067332707
concept_role_index_entropy :  0.4308709186959028
--------------------------------------------------------


role intrinsic meanings: image position

#unique concepts =  110
#instances =  717

#unique O1 =  110
#unique O2 =  110
concept_centric_entropy3 :  0.811385588643838
concept_centric_entropy4 :  0.31608463767944545
concept_centric_entropy5 :  0.249148884686035
relation_centric_entropy3 :  6.094369175684247
relation_centric_entropy4 :  3.51075941605116
relation_centric_entropy5 :  3.5856299055661474
divergence :  -1.5352829589811656
divergence2 :  -0.20414164725163297
divergence3 :  -0.2710774002450433
concept_role_entropy :  2.8196084464089464
concept_role_entropy2 :  2.9614146889173423
role_association :  1.8714003170871196
role_association2 :  2.013206559595518
concept_entropy :  3.7149010633027912
concept_entropy2 :  3.8567073058111885
concept_entropy0 :  3.814826067332707
concept_role_index_entropy :  0.5214826605015961
--------------------------------------------------------


717
train_triplets under image positional roles:
[(48, 103, 0), (67, 36, 0), (67, 36, 0), (72, 105, 0), (38, 103, 0), (64, 26, 0), (64, 26, 0), (71, 26, 0), (66, 26, 0), (50, 107, 0), (109, 3, 0), (109, 3, 0), (48, 100, 0), (75, 17, 0), (75, 54, 0), (9, 100, 0), (72, 57, 0), (88, 107, 0), (109, 107, 0), (90, 103, 0), (64, 26, 0), (109, 26, 0), (11, 89, 0), (64, 75, 0), (109, 71, 0), (109, 77, 0), (13, 74, 0), (64, 88, 0), (64, 88, 0), (64, 12, 0), (64, 12, 0), (100, 107, 0), (109, 107, 0), (12, 107, 0), (37, 71, 0), (37, 71, 0), (109, 107, 0), (35, 103, 0), (58, 25, 0), (33, 41, 0), (72, 54, 0), (64, 17, 0), (29, 100, 0), (66, 39, 0), (109, 103, 0), (9, 103, 0), (26, 17, 0), (106, 26, 0), (26, 52, 0), (104, 103, 0), (37, 109, 0), (26, 103, 0), (26, 26, 0), (26, 17, 0), (64, 17, 0), (105, 17, 0), (105, 17, 0), (64, 17, 0), (86, 17, 0), (72, 88, 0), (109, 107, 0), (71, 102, 0), (109, 64, 0), (109, 100, 0), (64, 66, 0), (37, 71, 0), (97, 38, 0), (82, 26, 0), (82, 26, 0), (55, 29, 0), (109, 103, 0), (14, 3, 0), (28, 75, 0), (28, 107, 0), (64, 62, 0), (64, 6, 0), (67, 71, 0), (64, 106, 0), (103, 17, 0), (49, 103, 0), (49, 103, 0), (49, 103, 0), (72, 25, 0), (26, 17, 0), (26, 100, 0), (109, 100, 0), (49, 103, 0), (53, 88, 0), (64, 82, 0), (109, 54, 0), (64, 36, 0), (38, 26, 0), (11, 88, 0), (87, 51, 0), (93, 107, 0), (105, 17, 0), (23, 35, 0), (37, 109, 0), (64, 67, 0), (109, 107, 0), (20, 107, 0), (62, 103, 0), (100, 33, 0), (60, 17, 0), (46, 107, 0), (38, 104, 0), (26, 104, 0), (66, 17, 0), (31, 31, 0), (64, 61, 0), (65, 39, 0), (101, 101, 0), (109, 108, 0), (79, 28, 0), (4, 4, 0), (67, 64, 0), (109, 59, 0), (104, 38, 0), (106, 48, 0), (64, 9, 0), (64, 10, 0), (64, 9, 0), (37, 75, 0), (37, 75, 0), (80, 80, 0), (64, 107, 0), (109, 88, 0), (109, 12, 0), (109, 11, 0), (45, 75, 0), (109, 67, 0), (9, 17, 0), (71, 17, 0), (58, 15, 0), (47, 17, 0), (52, 103, 0), (64, 107, 0), (26, 66, 0), (26, 66, 0), (26, 66, 0), (26, 107, 0), (104, 17, 0), (64, 17, 0), (71, 17, 0), (71, 107, 0), (71, 107, 0), (71, 17, 0), (71, 87, 0), (72, 63, 0), (63, 96, 0), (63, 63, 0), (64, 103, 0), (64, 3, 0), (21, 107, 0), (64, 107, 0), (66, 107, 0), (64, 57, 0), (26, 64, 0), (6, 3, 0), (17, 26, 0), (109, 60, 0), (72, 99, 0), (16, 47, 0), (64, 45, 0), (52, 103, 0), (100, 93, 0), (96, 104, 0), (26, 17, 0), (64, 88, 0), (64, 12, 0), (64, 12, 0), (64, 88, 0), (77, 54, 0), (17, 77, 0), (77, 17, 0), (15, 100, 0), (37, 109, 0), (85, 71, 0), (109, 3, 0), (1, 1, 0), (52, 103, 0), (70, 54, 0), (70, 54, 0), (50, 41, 0), (40, 54, 0), (64, 107, 0), (64, 100, 0), (109, 85, 0), (82, 26, 0), (26, 107, 0), (109, 17, 0), (23, 54, 0), (64, 54, 0), (26, 38, 0), (106, 38, 0), (18, 41, 0), (71, 17, 0), (104, 17, 0), (71, 85, 0), (109, 64, 0), (26, 54, 0), (26, 103, 0), (26, 103, 0), (70, 2, 0), (26, 17, 0), (4, 4, 0), (4, 4, 0), (64, 26, 0), (37, 109, 0), (28, 100, 0), (64, 107, 0), (109, 107, 0), (64, 17, 0), (104, 103, 0), (38, 100, 0), (76, 86, 0), (50, 103, 0), (50, 90, 0), (109, 100, 0), (96, 107, 0), (10, 103, 0), (15, 26, 0), (100, 32, 0), (26, 17, 0), (26, 71, 0), (71, 17, 0), (26, 19, 0), (37, 71, 0), (70, 41, 0), (70, 41, 0), (64, 13, 0), (64, 39, 0), (58, 27, 0), (109, 109, 0), (64, 61, 0), (66, 100, 0), (45, 3, 0), (109, 107, 0), (109, 107, 0), (50, 107, 0), (109, 107, 0), (71, 100, 0), (96, 34, 0), (77, 17, 0), (64, 11, 0), (64, 71, 0), (64, 71, 0), (64, 71, 0), (57, 61, 0), (104, 52, 0), (64, 106, 0), (105, 17, 0), (22, 22, 0), (72, 1, 0), (108, 108, 0), (95, 64, 0), (26, 17, 0), (26, 17, 0), (26, 17, 0), (89, 19, 0), (72, 92, 0), (64, 66, 0), (64, 53, 0), (64, 95, 0), (72, 85, 0), (26, 64, 0), (26, 17, 0), (44, 17, 0), (68, 17, 0), (44, 17, 0), (44, 68, 0), (44, 17, 0), (19, 41, 0), (52, 49, 0), (18, 21, 0), (42, 75, 0), (26, 26, 0), (82, 26, 0), (64, 107, 0), (39, 104, 0), (64, 104, 0), (64, 104, 0), (64, 104, 0), (64, 104, 0), (71, 96, 0), (64, 55, 0), (52, 41, 0), (109, 100, 0), (64, 18, 0), (64, 18, 0), (64, 18, 0), (26, 54, 0), (100, 11, 0), (36, 85, 0), (72, 85, 0), (64, 85, 0), (27, 71, 0), (71, 44, 0), (71, 44, 0), (71, 44, 0), (53, 67, 0), (64, 67, 0), (109, 64, 0), (109, 22, 0), (64, 61, 0), (64, 67, 0), (64, 66, 0), (7, 7, 0), (33, 7, 0), (33, 7, 0), (93, 7, 0), (93, 7, 0), (99, 99, 0), (72, 28, 0), (106, 17, 0), (109, 17, 0), (28, 36, 0), (75, 17, 0), (39, 8, 0), (109, 107, 0), (106, 17, 0), (84, 84, 0), (109, 26, 0), (109, 26, 0), (105, 54, 0), (109, 96, 0), (59, 27, 0), (14, 107, 0), (64, 100, 0), (37, 24, 0), (37, 75, 0), (37, 75, 0), (37, 75, 0), (71, 71, 0), (71, 30, 0), (69, 65, 0), (98, 103, 0), (91, 26, 0), (66, 64, 0), (71, 42, 0), (64, 72, 0), (72, 42, 0), (64, 28, 0), (109, 26, 0), (100, 54, 0), (71, 17, 0), (33, 61, 0), (5, 17, 0), (5, 17, 0), (5, 17, 0), (26, 91, 0), (74, 103, 0), (64, 103, 0), (100, 54, 0), (109, 38, 0), (39, 51, 0), (4, 4, 0), (109, 11, 0), (109, 3, 0), (71, 17, 0), (64, 9, 0), (28, 100, 0), (109, 67, 0), (109, 67, 0), (72, 10, 0), (109, 100, 0), (109, 100, 0), (66, 91, 0), (10, 91, 0), (72, 36, 0), (64, 19, 0), (64, 19, 0), (64, 19, 0), (64, 19, 0), (64, 103, 0), (64, 19, 0), (64, 103, 0), (53, 67, 0), (53, 67, 0), (109, 28, 0), (109, 71, 0), (81, 52, 0), (71, 18, 0), (52, 89, 0), (52, 75, 0), (106, 107, 0), (109, 17, 0), (109, 107, 0), (103, 17, 0), (109, 107, 0), (67, 71, 0), (8, 71, 0), (64, 57, 0), (109, 88, 0), (64, 67, 0), (64, 85, 0), (71, 41, 0), (0, 17, 0), (0, 17, 0), (109, 107, 0), (28, 20, 0), (28, 20, 0), (64, 88, 0), (104, 109, 0), (61, 72, 0), (72, 61, 0), (64, 41, 0), (31, 107, 0), (44, 54, 0), (64, 17, 0), (72, 20, 0), (72, 26, 0), (64, 17, 0), (64, 17, 0), (37, 33, 0), (73, 38, 0), (75, 73, 0), (75, 54, 0), (104, 41, 0), (106, 103, 0), (64, 100, 0), (66, 17, 0), (106, 26, 0), (102, 17, 0), (56, 56, 0), (56, 56, 0), (82, 54, 0), (109, 60, 0), (66, 17, 0), (35, 103, 0), (109, 97, 0), (109, 97, 0), (10, 41, 0), (3, 24, 0), (109, 24, 0), (64, 100, 0), (62, 103, 0), (91, 103, 0), (91, 103, 0), (82, 26, 0), (26, 26, 0), (26, 26, 0), (94, 94, 0), (104, 17, 0), (104, 26, 0), (104, 17, 0), (27, 27, 0), (34, 20, 0), (34, 98, 0), (28, 54, 0), (75, 54, 0), (9, 17, 0), (9, 17, 0), (64, 85, 0), (64, 85, 0), (64, 85, 0), (64, 26, 0), (16, 5, 0), (16, 5, 0), (16, 5, 0), (16, 5, 0), (9, 20, 0), (79, 79, 0), (66, 95, 0), (37, 72, 0), (9, 107, 0), (109, 100, 0), (109, 107, 0), (66, 18, 0), (41, 19, 0), (49, 103, 0), (64, 39, 0), (64, 100, 0), (64, 26, 0), (100, 46, 0), (72, 26, 0), (72, 72, 0), (72, 57, 0), (109, 71, 0), (11, 12, 0), (11, 12, 0), (64, 88, 0), (11, 12, 0), (106, 17, 0), (109, 100, 0), (109, 107, 0), (109, 61, 0), (30, 13, 0), (51, 13, 0), (64, 71, 0), (92, 103, 0), (109, 104, 0), (109, 104, 0), (64, 107, 0), (64, 107, 0), (109, 17, 0), (2, 103, 0), (35, 103, 0), (71, 3, 0), (71, 107, 0), (51, 13, 0), (51, 13, 0), (50, 26, 0), (109, 26, 0), (25, 103, 0), (25, 103, 0), (23, 103, 0), (35, 103, 0), (26, 54, 0), (104, 54, 0), (104, 48, 0), (104, 54, 0), (104, 38, 0), (71, 23, 0), (71, 23, 0), (71, 23, 0), (109, 23, 0), (23, 103, 0), (64, 13, 0), (100, 33, 0), (72, 12, 0), (56, 54, 0), (64, 40, 0), (24, 106, 0), (71, 61, 0), (71, 61, 0), (102, 17, 0), (26, 17, 0), (106, 54, 0), (26, 54, 0), (26, 54, 0), (26, 54, 0), (26, 17, 0), (109, 8, 0), (72, 81, 0), (109, 89, 0), (23, 23, 0), (109, 3, 0), (76, 71, 0), (38, 54, 0), (50, 75, 0), (11, 30, 0), (11, 12, 0), (16, 11, 0), (26, 17, 0), (16, 50, 0), (16, 26, 0), (16, 26, 0), (16, 26, 0), (16, 26, 0), (16, 26, 0), (87, 67, 0), (26, 109, 0), (109, 102, 0), (9, 26, 0), (10, 26, 0), (109, 88, 0), (109, 11, 0), (72, 18, 0), (64, 64, 0), (109, 107, 0), (35, 103, 0), (4, 64, 0), (43, 43, 1), (26, 71, 1), (3, 59, 1), (26, 26, 1), (106, 72, 1), (26, 72, 1), (37, 64, 1), (36, 64, 1), (75, 26, 1), (100, 64, 1), (75, 100, 1), (100, 71, 1), (69, 78, 1), (36, 93, 1), (51, 14, 1), (26, 17, 1), (106, 106, 1), (88, 72, 1), (41, 52, 1), (64, 109, 1), (36, 64, 1), (104, 26, 1), (105, 26, 1), (108, 109, 1), (108, 109, 1), (109, 64, 1), (72, 72, 1), (64, 66, 1), (26, 104, 1), (26, 26, 1), (91, 64, 1), (36, 71, 1), (26, 109, 1), (109, 50, 1), (109, 59, 1), (103, 102, 1), (51, 107, 1), (26, 72, 1), (61, 109, 1), (6, 66, 1), (41, 71, 1), (26, 64, 1), (36, 72, 1), (100, 64, 1), (26, 26, 1), (26, 82, 1), (26, 26, 1), (106, 26, 1), (3, 64, 1), (57, 72, 1), (75, 83, 1), (32, 32, 1), (102, 106, 1), (109, 64, 1), (100, 64, 1), (26, 64, 1), (70, 35, 1), (105, 64, 1), (109, 64, 1), (107, 64, 1), (36, 64, 1), (36, 64, 1), (4, 76, 1), (103, 17, 1), (44, 17, 1), (26, 26, 1), (16, 64, 1), (34, 109, 1), (100, 59, 1), (34, 109, 1), (34, 109, 1), (83, 64, 1), (36, 71, 1), (36, 72, 1), (36, 66, 1), (72, 100, 1), (67, 53, 1), (72, 72, 1), (61, 64, 1), (51, 15, 1), (0, 0, 1), (34, 109, 1), (54, 109, 1), (67, 64, 1), (100, 64, 1), (36, 66, 1), (91, 26, 1), (101, 26, 1), (50, 71, 1), (109, 64, 1), (106, 50, 1), (26, 109, 1), (91, 26, 1), (10, 64, 1), (109, 64, 1), (100, 109, 1), (26, 109, 1), (67, 53, 1), (14, 72, 1), (36, 109, 1), (36, 109, 1), (36, 109, 1), (36, 109, 1), (36, 64, 1), (41, 37, 1), (41, 37, 1), (41, 37, 1), (16, 64, 1), (16, 106, 1), (51, 1, 1), (100, 66, 1), (34, 71, 1), (28, 36, 1), (28, 36, 1), (24, 109, 1), (24, 109, 1), (24, 109, 1), (58, 58, 1), (24, 109, 1), (100, 64, 1), (64, 109, 1), (26, 82, 1), (34, 29, 1), (27, 27, 1), (41, 70, 1), (41, 70, 1), (41, 70, 1), (41, 70, 1), (1, 75, 1), (41, 70, 1), (22, 16, 1), (41, 71, 1), (37, 64, 1), (100, 109, 1), (41, 90, 1), (4, 72, 1), (109, 64, 1), (41, 17, 1), (41, 64, 1), (103, 64, 1), (51, 108, 1), (78, 69, 1), (26, 72, 1), (26, 82, 1), (51, 109, 1), (23, 23, 1), (100, 109, 1), (19, 54, 1), (26, 106, 1), (26, 82, 1), (106, 0, 1), (26, 109, 1), (26, 109, 1), (76, 64, 1)]
unique train_triplets = 425
