#unique subjects =  1728
#unique objects =  1048
#unique concepts =  2236
#instances =  12230


--------------------------------------------------------
crux_nouns

role intrinsic meanings: linguistic position

#unique concepts =  362
#instances =  4570

#unique O1 =  362
#unique O2 =  362
concept_centric_entropy3 :  0.1678993259095427
concept_centric_entropy4 :  0.085076146972211
concept_centric_entropy5 :  0.055961666430886604
relation_centric_entropy3 :  8.360890594285632
relation_centric_entropy4 :  4.548758389240022
relation_centric_entropy5 :  4.4861404965909415
divergence :  -1.4449210176886689
divergence2 :  -0.03402788199943585
divergence3 :  -0.06314236254076032
concept_role_entropy :  3.0073022903076527
concept_role_entropy2 :  2.9737988781998865
role_association :  2.3970034689617337
role_association2 :  2.3635000568539684
concept_entropy :  4.582786271239485
concept_entropy2 :  4.54928285913173
concept_entropy0 :  4.902905805987153
concept_role_index_entropy :  0.32199256163038287
--------------------------------------------------------


role intrinsic meanings: image position

#unique concepts =  362
#instances =  4570

#unique O1 =  362
#unique O2 =  362
concept_centric_entropy3 :  0.1678993259095427
concept_centric_entropy4 :  0.05242269365202168
concept_centric_entropy5 :  0.05778407031361482
relation_centric_entropy3 :  8.360890594285632
relation_centric_entropy4 :  4.53421725435923
relation_centric_entropy5 :  4.500681631471734
divergence :  -1.4449210176886689
divergence2 :  -0.06668133531962522
divergence3 :  -0.06131995865803208
concept_role_entropy :  3.0268652865463013
concept_role_entropy2 :  2.987968286997214
role_association :  2.3857354157629342
role_association2 :  2.3468384162138394
concept_entropy :  4.600898589678879
concept_entropy2 :  4.562001590129799
concept_entropy0 :  4.902905805987153
concept_role_index_entropy :  0.33740808634911323
--------------------------------------------------------


4570
train_triplets under image positional roles:
[(43, 271, 0), (148, 328, 0), (139, 347, 0), (162, 162, 0), (322, 162, 0), (316, 316, 0), (176, 22, 0), (208, 23, 0), (135, 282, 0), (176, 27, 0), (53, 331, 0), (53, 331, 0), (53, 239, 0), (53, 18, 0), (53, 331, 0), (185, 83, 0), (179, 309, 0), (179, 309, 0), (179, 309, 0), (179, 309, 0), (53, 107, 0), (53, 107, 0), (53, 308, 0), (53, 76, 0), (64, 249, 0), (23, 293, 0), (357, 23, 0), (208, 22, 0), (357, 23, 0), (49, 330, 0), (49, 330, 0), (49, 330, 0), (49, 330, 0), (49, 330, 0), (70, 108, 0), (357, 101, 0), (208, 101, 0), (45, 173, 0), (53, 122, 0), (53, 122, 0), (167, 245, 0), (42, 220, 0), (251, 220, 0), (35, 221, 0), (357, 22, 0), (98, 72, 0), (208, 349, 0), (208, 334, 0), (208, 334, 0), (208, 237, 0), (102, 301, 0), (66, 221, 0), (66, 220, 0), (66, 220, 0), (66, 220, 0), (66, 220, 0), (66, 220, 0), (66, 220, 0), (66, 220, 0), (206, 91, 0), (189, 308, 0), (179, 244, 0), (305, 133, 0), (86, 122, 0), (176, 300, 0), (176, 91, 0), (176, 62, 0), (109, 122, 0), (230, 230, 0), (276, 347, 0), (28, 271, 0), (28, 29, 0), (179, 309, 0), (309, 300, 0), (190, 308, 0), (266, 258, 0), (151, 122, 0), (53, 300, 0), (53, 80, 0), (53, 248, 0), (86, 122, 0), (143, 122, 0), (193, 122, 0), (103, 26, 0), (155, 76, 0), (140, 323, 0), (135, 323, 0), (176, 58, 0), (58, 323, 0), (244, 308, 0), (84, 26, 0), (108, 133, 0), (108, 133, 0), (92, 220, 0), (112, 220, 0), (35, 220, 0), (108, 128, 0), (308, 55, 0), (279, 347, 0), (208, 282, 0), (208, 282, 0), (282, 349, 0), (206, 282, 0), (120, 195, 0), (120, 308, 0), (348, 208, 0), (179, 27, 0), (47, 177, 0), (65, 107, 0), (206, 285, 0), (176, 285, 0), (16, 308, 0), (16, 62, 0), (16, 308, 0), (110, 308, 0), (120, 308, 0), (120, 308, 0), (120, 308, 0), (357, 62, 0), (357, 62, 0), (357, 357, 0), (357, 62, 0), (116, 200, 0), (208, 156, 0), (176, 156, 0), (208, 156, 0), (176, 156, 0), (27, 349, 0), (27, 247, 0), (308, 107, 0), (308, 76, 0), (24, 165, 0), (96, 133, 0), (176, 144, 0), (208, 144, 0), (176, 280, 0), (176, 351, 0), (129, 220, 0), (260, 220, 0), (260, 220, 0), (260, 220, 0), (260, 220, 0), (260, 220, 0), (88, 248, 0), (53, 248, 0), (296, 101, 0), (179, 101, 0), (179, 8, 0), (53, 122, 0), (53, 122, 0), (69, 18, 0), (176, 26, 0), (176, 306, 0), (274, 26, 0), (176, 306, 0), (176, 26, 0), (176, 26, 0), (357, 62, 0), (179, 264, 0), (206, 264, 0), (179, 161, 0), (176, 264, 0), (53, 122, 0), (53, 122, 0), (53, 122, 0), (53, 122, 0), (305, 133, 0), (176, 133, 0), (130, 133, 0), (305, 133, 0), (120, 308, 0), (32, 308, 0), (32, 308, 0), (357, 107, 0), (135, 107, 0), (357, 107, 0), (280, 107, 0), (357, 107, 0), (177, 107, 0), (25, 308, 0), (229, 347, 0), (176, 306, 0), (208, 306, 0), (176, 306, 0), (26, 349, 0), (132, 26, 0), (117, 328, 0), (342, 328, 0), (117, 308, 0), (201, 327, 0), (115, 271, 0), (176, 21, 0), (149, 225, 0), (149, 288, 0), (208, 288, 0), (208, 282, 0), (208, 282, 0), (176, 92, 0), (176, 27, 0), (319, 27, 0), (176, 27, 0), (176, 349, 0), (176, 116, 0), (187, 122, 0), (176, 27, 0), (176, 254, 0), (176, 27, 0), (121, 349, 0), (201, 220, 0), (201, 84, 0), (201, 220, 0), (78, 308, 0), (300, 281, 0), (176, 281, 0), (176, 281, 0), (176, 281, 0), (208, 281, 0), (176, 281, 0), (318, 347, 0), (230, 308, 0), (326, 323, 0), (326, 323, 0), (326, 323, 0), (326, 323, 0), (53, 323, 0), (326, 238, 0), (53, 101, 0), (10, 123, 0), (90, 55, 0), (357, 107, 0), (54, 308, 0), (84, 308, 0), (176, 265, 0), (176, 39, 0), (47, 155, 0), (176, 23, 0), (176, 23, 0), (176, 23, 0), (176, 22, 0), (206, 23, 0), (176, 23, 0), (23, 300, 0), (53, 122, 0), (53, 203, 0), (53, 101, 0), (229, 347, 0), (32, 308, 0), (114, 308, 0), (159, 108, 0), (357, 22, 0), (23, 203, 0), (208, 23, 0), (135, 133, 0), (208, 23, 0), (23, 203, 0), (52, 349, 0), (237, 349, 0), (75, 36, 0), (75, 300, 0), (176, 122, 0), (86, 164, 0), (315, 274, 0), (53, 300, 0), (202, 65, 0), (86, 107, 0), (287, 98, 0), (106, 150, 0), (357, 116, 0), (106, 116, 0), (179, 177, 0), (3, 282, 0), (361, 122, 0), (361, 101, 0), (361, 122, 0), (113, 105, 0), (166, 333, 0), (17, 249, 0), (17, 249, 0), (17, 249, 0), (17, 249, 0), (17, 297, 0), (17, 297, 0), (17, 249, 0), (207, 9, 0), (357, 75, 0), (357, 75, 0), (357, 290, 0), (357, 9, 0), (357, 75, 0), (357, 290, 0), (357, 75, 0), (27, 349, 0), (220, 112, 0), (274, 23, 0), (357, 22, 0), (208, 23, 0), (208, 118, 0), (204, 308, 0), (75, 107, 0), (176, 308, 0), (256, 107, 0), (265, 143, 0), (132, 133, 0), (357, 13, 0), (108, 308, 0), (108, 308, 0), (120, 308, 0), (212, 220, 0), (260, 220, 0), (260, 42, 0), (260, 220, 0), (83, 347, 0), (230, 299, 0), (357, 107, 0), (264, 75, 0), (179, 264, 0), (206, 264, 0), (23, 300, 0), (357, 22, 0), (357, 22, 0), (357, 22, 0), (62, 107, 0), (62, 107, 0), (211, 182, 0), (229, 347, 0), (12, 347, 0), (328, 248, 0), (30, 271, 0), (208, 248, 0), (176, 263, 0), (176, 263, 0), (208, 62, 0), (182, 53, 0), (182, 53, 0), (182, 53, 0), (222, 101, 0), (357, 180, 0), (357, 75, 0), (357, 75, 0), (157, 75, 0), (357, 75, 0), (206, 300, 0), (17, 34, 0), (130, 163, 0), (209, 2, 0), (209, 209, 0), (158, 163, 0), (158, 122, 0), (158, 163, 0), (158, 163, 0), (158, 218, 0), (158, 122, 0), (208, 107, 0), (357, 62, 0), (23, 288, 0), (22, 352, 0), (332, 107, 0), (33, 107, 0), (99, 60, 0), (99, 60, 0), (60, 60, 0), (308, 240, 0), (147, 107, 0), (219, 107, 0), (314, 107, 0), (331, 351, 0), (22, 300, 0), (176, 23, 0), (176, 22, 0), (22, 248, 0), (208, 209, 0), (206, 75, 0), (176, 200, 0), (206, 62, 0), (178, 200, 0), (206, 200, 0), (66, 220, 0), (66, 220, 0), (66, 220, 0), (66, 220, 0), (112, 220, 0), (168, 220, 0), (206, 354, 0), (357, 10, 0), (357, 10, 0), (134, 107, 0), (265, 122, 0), (106, 225, 0), (106, 225, 0), (206, 300, 0), (189, 261, 0), (176, 23, 0), (176, 23, 0), (333, 92, 0), (176, 92, 0), (30, 92, 0), (198, 235, 0), (201, 320, 0), (201, 320, 0), (86, 308, 0), (90, 107, 0), (86, 164, 0), (86, 164, 0), (208, 164, 0), (130, 86, 0), (271, 244, 0), (28, 271, 0), (208, 271, 0), (208, 322, 0), (237, 247, 0), (27, 349, 0), (187, 300, 0), (343, 107, 0), (75, 107, 0), (71, 83, 0), (71, 347, 0), (120, 76, 0), (120, 308, 0), (120, 308, 0), (340, 101, 0), (176, 330, 0), (208, 300, 0), (145, 300, 0), (147, 83, 0), (71, 83, 0), (206, 75, 0), (8, 75, 0), (206, 75, 0), (179, 290, 0), (253, 75, 0), (108, 218, 0), (208, 62, 0), (357, 62, 0), (189, 261, 0), (261, 308, 0), (52, 21, 0), (52, 159, 0), (52, 21, 0), (176, 26, 0), (208, 306, 0), (208, 26, 0), (206, 306, 0), (176, 26, 0), (208, 26, 0), (176, 306, 0), (357, 246, 0), (357, 133, 0), (158, 163, 0), (158, 218, 0), (158, 218, 0), (260, 308, 0), (86, 107, 0), (86, 107, 0), (53, 300, 0), (53, 300, 0), (53, 300, 0), (22, 300, 0), (206, 22, 0), (206, 22, 0), (176, 354, 0), (30, 271, 0), (147, 271, 0), (213, 18, 0), (357, 62, 0), (161, 75, 0), (357, 62, 0), (208, 75, 0), (340, 203, 0), (53, 142, 0), (117, 308, 0), (112, 296, 0), (112, 296, 0), (212, 308, 0), (206, 300, 0), (206, 280, 0), (357, 53, 0), (239, 22, 0), (234, 178, 0), (135, 133, 0), (206, 22, 0), (86, 220, 0), (260, 220, 0), (136, 220, 0), (136, 220, 0), (222, 190, 0), (176, 58, 0), (176, 56, 0), (176, 58, 0), (176, 58, 0), (108, 218, 0), (216, 122, 0), (216, 122, 0), (5, 122, 0), (232, 107, 0), (232, 55, 0), (232, 107, 0), (120, 308, 0), (120, 308, 0), (120, 308, 0), (120, 308, 0), (227, 308, 0), (222, 308, 0), (117, 34, 0), (206, 62, 0), (157, 180, 0), (353, 177, 0), (176, 62, 0), (179, 180, 0), (357, 55, 0), (357, 55, 0), (357, 55, 0), (90, 55, 0), (317, 114, 0), (208, 53, 0), (350, 306, 0), (176, 26, 0), (350, 306, 0), (176, 350, 0), (64, 249, 0), (64, 249, 0), (64, 249, 0), (170, 258, 0), (206, 326, 0), (206, 21, 0), (108, 46, 0), (53, 122, 0), (53, 122, 0), (253, 107, 0), (206, 253, 0), (32, 308, 0), (341, 308, 0), (208, 352, 0), (208, 352, 0), (208, 22, 0), (176, 352, 0), (208, 22, 0), (342, 308, 0), (196, 271, 0), (199, 244, 0), (53, 88, 0), (108, 308, 0), (16, 308, 0), (108, 308, 0), (108, 293, 0), (108, 293, 0), (30, 308, 0), (187, 300, 0), (187, 300, 0), (187, 300, 0), (86, 164, 0), (86, 300, 0), (112, 251, 0), (274, 166, 0), (53, 248, 0), (53, 248, 0), (53, 300, 0), (266, 249, 0), (266, 249, 0), (230, 76, 0), (176, 300, 0), (68, 174, 0), (357, 174, 0), (68, 174, 0), (357, 23, 0), (357, 22, 0), (220, 308, 0), (53, 122, 0), (53, 122, 0), (53, 122, 0), (53, 101, 0), (117, 328, 0), (176, 23, 0), (176, 23, 0), (135, 22, 0), (176, 23, 0), (176, 23, 0), (310, 102, 0), (312, 308, 0), (155, 293, 0), (35, 26, 0), (35, 26, 0), (201, 327, 0), (242, 140, 0), (149, 140, 0), (179, 140, 0), (112, 308, 0), (220, 308, 0), (112, 221, 0), (33, 347, 0), (64, 308, 0), (222, 144, 0), (222, 144, 0), (176, 12, 0), (123, 356, 0), (16, 308, 0), (213, 62, 0), (108, 308, 0), (206, 187, 0), (206, 23, 0), (176, 187, 0), (223, 177, 0), (208, 127, 0), (257, 220, 0), (257, 220, 0), (357, 179, 0), (133, 176, 0), (130, 176, 0), (357, 175, 0), (357, 175, 0), (357, 107, 0), (357, 107, 0), (357, 113, 0), (357, 107, 0), (27, 122, 0), (27, 122, 0), (157, 75, 0), (157, 75, 0), (357, 75, 0), (357, 75, 0), (357, 75, 0), (357, 75, 0), (357, 75, 0), (257, 308, 0), (257, 308, 0), (257, 308, 0), (32, 308, 0), (53, 122, 0), (212, 220, 0), (331, 248, 0), (53, 248, 0), (208, 180, 0), (210, 55, 0), (72, 200, 0), (201, 220, 0), (113, 343, 0), (22, 248, 0), (206, 22, 0), (22, 248, 0), (206, 22, 0), (189, 358, 0), (317, 107, 0), (352, 173, 0), (317, 352, 0), (245, 317, 0), (343, 122, 0), (176, 132, 0), (357, 37, 0), (357, 37, 0), (208, 37, 0), (357, 37, 0), (357, 37, 0), (176, 300, 0), (176, 248, 0), (260, 220, 0), (260, 220, 0), (129, 220, 0), (32, 308, 0), (32, 76, 0), (32, 308, 0), (32, 107, 0), (32, 271, 0), (251, 220, 0), (108, 107, 0), (108, 107, 0), (112, 220, 0), (357, 271, 0), (28, 271, 0), (28, 271, 0), (346, 258, 0), (179, 346, 0), (206, 122, 0), (206, 59, 0), (206, 347, 0), (206, 165, 0), (206, 238, 0), (357, 55, 0), (293, 55, 0), (357, 55, 0), (357, 55, 0), (206, 55, 0), (357, 55, 0), (326, 323, 0), (326, 323, 0), (326, 323, 0), (176, 308, 0), (176, 308, 0), (357, 347, 0), (33, 308, 0), (206, 27, 0), (234, 247, 0), (190, 144, 0), (311, 101, 0), (190, 144, 0), (189, 220, 0), (189, 261, 0), (189, 261, 0), (73, 76, 0), (73, 198, 0), (73, 327, 0), (120, 308, 0), (19, 308, 0), (96, 34, 0), (176, 264, 0), (208, 264, 0), (176, 185, 0), (169, 328, 0), (335, 308, 0), (319, 358, 0), (357, 308, 0), (326, 323, 0), (251, 323, 0), (326, 323, 0), (326, 323, 0), (331, 300, 0), (352, 248, 0), (94, 173, 0), (331, 300, 0), (24, 24, 0), (32, 308, 0), (133, 205, 0), (133, 328, 0), (176, 75, 0), (176, 75, 0), (176, 75, 0), (176, 153, 0), (176, 153, 0), (218, 26, 0), (176, 23, 0), (176, 23, 0), (176, 23, 0), (108, 218, 0), (220, 293, 0), (220, 293, 0), (220, 136, 0), (221, 136, 0), (117, 328, 0), (206, 268, 0), (357, 268, 0), (176, 53, 0), (206, 254, 0), (206, 254, 0), (127, 347, 0), (328, 230, 0), (176, 101, 0), (112, 125, 0), (112, 308, 0), (83, 71, 0), (64, 297, 0), (164, 64, 0), (64, 164, 0), (348, 61, 0), (133, 347, 0), (326, 323, 0), (326, 323, 0), (206, 68, 0), (176, 300, 0), (53, 300, 0), (343, 248, 0), (28, 271, 0), (208, 18, 0), (95, 235, 0), (180, 130, 0), (156, 347, 0), (176, 140, 0), (176, 140, 0), (242, 140, 0), (23, 249, 0), (23, 8, 0), (249, 122, 0), (89, 116, 0), (89, 293, 0), (112, 76, 0), (295, 76, 0), (112, 76, 0), (53, 248, 0), (341, 271, 0), (341, 271, 0), (271, 107, 0), (83, 253, 0), (206, 349, 0), (27, 349, 0), (27, 349, 0), (311, 247, 0), (29, 271, 0), (28, 271, 0), (206, 288, 0), (206, 288, 0), (108, 83, 0), (341, 308, 0), (108, 308, 0), (341, 308, 0), (215, 308, 0), (341, 83, 0), (84, 220, 0), (84, 220, 0), (333, 308, 0), (39, 308, 0), (39, 308, 0), (126, 206, 0), (206, 27, 0), (206, 247, 0), (81, 220, 0), (112, 308, 0), (135, 343, 0), (357, 174, 0), (357, 300, 0), (208, 87, 0), (120, 308, 0), (112, 220, 0), (220, 308, 0), (257, 220, 0), (220, 308, 0), (357, 25, 0), (357, 25, 0), (357, 25, 0), (208, 180, 0), (179, 268, 0), (206, 263, 0), (135, 268, 0), (206, 263, 0), (179, 268, 0), (268, 248, 0), (106, 228, 0), (106, 225, 0), (211, 69, 0), (274, 235, 0), (179, 23, 0), (206, 23, 0), (22, 300, 0), (176, 23, 0), (169, 300, 0), (357, 352, 0), (357, 6, 0), (183, 15, 0), (183, 293, 0), (179, 140, 0), (132, 56, 0), (179, 58, 0), (168, 308, 0), (86, 300, 0), (86, 164, 0), (86, 164, 0), (86, 248, 0), (86, 164, 0), (86, 164, 0), (86, 164, 0), (206, 248, 0), (206, 248, 0), (208, 248, 0), (120, 76, 0), (28, 271, 0), (53, 271, 0), (28, 271, 0), (54, 308, 0), (118, 308, 0), (27, 248, 0), (176, 324, 0), (176, 324, 0), (176, 324, 0), (132, 324, 0), (176, 324, 0), (176, 324, 0), (84, 220, 0), (257, 220, 0), (257, 220, 0), (257, 220, 0), (257, 220, 0), (220, 308, 0), (53, 107, 0), (220, 53, 0), (340, 248, 0), (53, 300, 0), (176, 101, 0), (176, 101, 0), (176, 22, 0), (176, 22, 0), (357, 37, 0), (357, 37, 0), (357, 37, 0), (357, 37, 0), (357, 37, 0), (161, 47, 0), (161, 271, 0), (227, 156, 0), (238, 227, 0), (357, 227, 0), (75, 107, 0), (109, 107, 0), (206, 140, 0), (100, 323, 0), (135, 271, 0), (135, 271, 0), (135, 271, 0), (135, 271, 0), (26, 83, 0), (342, 76, 0), (108, 308, 0), (86, 164, 0), (86, 164, 0), (86, 164, 0), (299, 107, 0), (104, 107, 0), (88, 107, 0), (206, 122, 0), (174, 83, 0), (201, 220, 0), (201, 220, 0), (201, 220, 0), (165, 281, 0), (176, 281, 0), (274, 281, 0), (176, 26, 0), (176, 165, 0), (53, 248, 0), (287, 98, 0), (53, 107, 0), (208, 242, 0), (176, 324, 0), (176, 324, 0), (256, 107, 0), (89, 107, 0), (206, 140, 0), (206, 140, 0), (282, 113, 0), (176, 282, 0), (142, 159, 0), (208, 210, 0), (176, 22, 0), (176, 22, 0), (351, 22, 0), (206, 23, 0), (357, 209, 0), (32, 327, 0), (64, 122, 0), (32, 308, 0), (32, 308, 0), (112, 217, 0), (253, 62, 0), (176, 161, 0), (22, 323, 0), (23, 323, 0), (23, 323, 0), (22, 323, 0), (22, 323, 0), (253, 271, 0), (167, 308, 0), (208, 101, 0), (135, 22, 0), (22, 203, 0), (206, 23, 0), (260, 220, 0), (260, 220, 0), (260, 215, 0), (260, 220, 0), (112, 76, 0), (220, 308, 0), (133, 166, 0), (53, 248, 0), (206, 306, 0), (206, 306, 0), (86, 164, 0), (86, 164, 0), (142, 308, 0), (176, 122, 0), (176, 122, 0), (153, 210, 0), (153, 210, 0), (153, 154, 0), (210, 107, 0), (108, 355, 0), (78, 133, 0), (1, 308, 0), (19, 308, 0), (227, 308, 0), (10, 308, 0), (176, 121, 0), (85, 349, 0), (121, 349, 0), (121, 247, 0), (305, 308, 0), (305, 76, 0), (305, 308, 0), (305, 308, 0), (305, 107, 0), (266, 249, 0), (91, 65, 0), (91, 65, 0), (189, 217, 0), (189, 165, 0), (257, 308, 0), (342, 220, 0), (208, 140, 0), (214, 347, 0), (277, 347, 0), (277, 347, 0), (208, 281, 0), (176, 281, 0), (208, 281, 0), (176, 281, 0), (129, 220, 0), (129, 220, 0), (189, 308, 0), (132, 133, 0), (357, 80, 0), (206, 165, 0), (206, 300, 0), (215, 308, 0), (88, 347, 0), (257, 35, 0), (286, 220, 0), (52, 349, 0), (208, 200, 0), (208, 200, 0), (208, 200, 0), (208, 200, 0), (208, 212, 0), (176, 200, 0), (286, 220, 0), (357, 282, 0), (282, 288, 0), (282, 288, 0), (45, 300, 0), (45, 300, 0), (74, 300, 0), (257, 84, 0), (112, 245, 0), (152, 247, 0), (52, 247, 0), (206, 247, 0), (52, 349, 0), (189, 261, 0), (343, 349, 0), (32, 107, 0), (318, 107, 0), (318, 107, 0), (251, 198, 0), (357, 209, 0), (357, 55, 0), (176, 186, 0), (208, 187, 0), (187, 248, 0), (187, 300, 0), (23, 235, 0), (119, 300, 0), (53, 300, 0), (331, 300, 0), (331, 248, 0), (208, 53, 0), (253, 347, 0), (53, 248, 0), (95, 27, 0), (176, 52, 0), (176, 23, 0), (98, 23, 0), (208, 281, 0), (13, 281, 0), (176, 248, 0), (132, 133, 0), (117, 34, 0), (176, 293, 0), (86, 21, 0), (86, 21, 0), (86, 21, 0), (86, 21, 0), (86, 21, 0), (86, 21, 0), (86, 21, 0), (49, 18, 0), (49, 18, 0), (220, 308, 0), (261, 220, 0), (135, 140, 0), (261, 76, 0), (32, 308, 0), (260, 308, 0), (86, 122, 0), (86, 166, 0), (202, 65, 0), (189, 220, 0), (282, 159, 0), (282, 159, 0), (331, 125, 0), (108, 107, 0), (53, 248, 0), (88, 300, 0), (17, 25, 0), (322, 25, 0), (25, 76, 0), (49, 330, 0), (63, 330, 0), (208, 49, 0), (49, 330, 0), (49, 330, 0), (206, 343, 0), (206, 18, 0), (347, 107, 0), (109, 34, 0), (109, 34, 0), (132, 98, 0), (28, 29, 0), (243, 22, 0), (176, 23, 0), (19, 308, 0), (19, 308, 0), (120, 308, 0), (120, 308, 0), (357, 166, 0), (357, 166, 0), (208, 166, 0), (208, 166, 0), (357, 166, 0), (357, 166, 0), (208, 23, 0), (176, 22, 0), (99, 248, 0), (357, 300, 0), (135, 23, 0), (206, 23, 0), (206, 22, 0), (179, 22, 0), (176, 282, 0), (329, 300, 0), (208, 23, 0), (329, 248, 0), (120, 220, 0), (342, 220, 0), (120, 308, 0), (33, 76, 0), (152, 349, 0), (206, 349, 0), (99, 60, 0), (99, 60, 0), (99, 60, 0), (99, 60, 0), (33, 55, 0), (358, 107, 0), (168, 42, 0), (168, 42, 0), (132, 133, 0), (240, 107, 0), (176, 101, 0), (176, 58, 0), (176, 53, 0), (19, 58, 0), (176, 58, 0), (206, 323, 0), (91, 116, 0), (91, 55, 0), (91, 107, 0), (122, 2, 0), (206, 26, 0), (84, 220, 0), (352, 248, 0), (147, 296, 0), (117, 34, 0), (27, 349, 0), (298, 194, 0), (27, 349, 0), (27, 349, 0), (331, 300, 0), (331, 300, 0), (331, 300, 0), (131, 300, 0), (343, 248, 0), (176, 62, 0), (208, 62, 0), (176, 91, 0), (271, 271, 0), (357, 71, 0), (335, 221, 0), (187, 248, 0), (187, 300, 0), (135, 243, 0), (208, 187, 0), (53, 300, 0), (53, 80, 0), (206, 27, 0), (206, 27, 0), (206, 27, 0), (206, 27, 0), (206, 27, 0), (255, 308, 0), (255, 308, 0), (255, 308, 0), (220, 308, 0), (7, 308, 0), (176, 140, 0), (176, 140, 0), (176, 140, 0), (176, 140, 0), (176, 140, 0), (176, 140, 0), (176, 140, 0), (357, 165, 0), (357, 225, 0), (357, 238, 0), (208, 134, 0), (275, 271, 0), (47, 347, 0), (206, 188, 0), (208, 223, 0), (217, 107, 0), (53, 107, 0), (247, 247, 0), (32, 308, 0), (112, 308, 0), (32, 308, 0), (135, 187, 0), (208, 187, 0), (147, 308, 0), (176, 347, 0), (53, 323, 0), (53, 323, 0), (53, 300, 0), (245, 317, 0), (45, 248, 0), (299, 76, 0), (299, 76, 0), (299, 76, 0), (179, 352, 0), (23, 300, 0), (176, 177, 0), (287, 98, 0), (112, 76, 0), (112, 308, 0), (220, 308, 0), (220, 308, 0), (72, 320, 0), (135, 133, 0), (317, 353, 0), (112, 308, 0), (132, 133, 0), (176, 98, 0), (208, 78, 0), (66, 203, 0), (179, 53, 0), (206, 53, 0), (53, 148, 0), (179, 53, 0), (269, 177, 0), (195, 76, 0), (116, 176, 0), (276, 308, 0), (276, 308, 0), (276, 308, 0), (343, 300, 0), (176, 187, 0), (135, 23, 0), (206, 264, 0), (179, 312, 0), (179, 264, 0), (206, 312, 0), (167, 220, 0), (220, 308, 0), (282, 288, 0), (206, 288, 0), (282, 288, 0), (66, 125, 0), (53, 300, 0), (53, 300, 0), (53, 300, 0), (21, 122, 0), (21, 122, 0), (21, 159, 0), (32, 220, 0), (112, 308, 0), (351, 159, 0), (56, 300, 0), (176, 27, 0), (176, 27, 0), (176, 27, 0), (357, 27, 0), (357, 126, 0), (348, 191, 0), (357, 75, 0), (161, 290, 0), (357, 75, 0), (357, 75, 0), (357, 75, 0), (357, 75, 0), (357, 75, 0), (222, 21, 0), (176, 62, 0), (73, 200, 0), (179, 68, 0), (260, 200, 0), (260, 81, 0), (260, 200, 0), (179, 229, 0), (179, 77, 0), (343, 122, 0), (179, 122, 0), (53, 122, 0), (53, 122, 0), (53, 122, 0), (53, 122, 0), (53, 122, 0), (179, 23, 0), (179, 23, 0), (30, 308, 0), (52, 349, 0), (176, 347, 0), (89, 166, 0), (83, 107, 0), (53, 122, 0), (347, 41, 0), (220, 272, 0), (220, 308, 0), (32, 308, 0), (117, 34, 0), (176, 275, 0), (135, 23, 0), (53, 80, 0), (343, 248, 0), (357, 309, 0), (90, 309, 0), (211, 347, 0), (21, 347, 0), (308, 347, 0), (272, 249, 0), (208, 22, 0), (208, 65, 0), (308, 107, 0), (208, 95, 0), (357, 282, 0), (262, 153, 0), (130, 262, 0), (257, 220, 0), (342, 220, 0), (112, 220, 0), (257, 220, 0), (357, 62, 0), (357, 75, 0), (357, 62, 0), (357, 131, 0), (357, 62, 0), (108, 308, 0), (341, 308, 0), (108, 271, 0), (108, 293, 0), (27, 349, 0), (27, 93, 0), (104, 347, 0), (308, 308, 0), (236, 190, 0), (86, 327, 0), (86, 327, 0), (86, 327, 0), (86, 327, 0), (179, 268, 0), (135, 268, 0), (206, 268, 0), (335, 26, 0), (335, 221, 0), (176, 23, 0), (176, 22, 0), (22, 300, 0), (206, 18, 0), (206, 18, 0), (176, 308, 0), (176, 18, 0), (176, 308, 0), (208, 18, 0), (206, 308, 0), (206, 18, 0), (176, 18, 0), (88, 300, 0), (53, 248, 0), (53, 300, 0), (343, 248, 0), (28, 75, 0), (28, 75, 0), (28, 75, 0), (28, 75, 0), (28, 75, 0), (208, 239, 0), (208, 281, 0), (281, 239, 0), (281, 239, 0), (206, 26, 0), (45, 248, 0), (176, 29, 0), (176, 62, 0), (35, 26, 0), (35, 26, 0), (35, 26, 0), (35, 26, 0), (35, 26, 0), (35, 26, 0), (35, 26, 0), (35, 26, 0), (140, 248, 0), (140, 300, 0), (56, 300, 0), (140, 80, 0), (140, 300, 0), (206, 27, 0), (208, 323, 0), (22, 203, 0), (22, 323, 0), (303, 349, 0), (27, 349, 0), (303, 266, 0), (32, 308, 0), (32, 308, 0), (72, 8, 0), (242, 282, 0), (176, 282, 0), (176, 282, 0), (176, 282, 0), (260, 42, 0), (260, 35, 0), (260, 200, 0), (128, 98, 0), (176, 164, 0), (86, 248, 0), (33, 107, 0), (16, 116, 0), (176, 355, 0), (170, 308, 0), (255, 308, 0), (170, 308, 0), (255, 308, 0), (10, 308, 0), (242, 248, 0), (208, 280, 0), (53, 248, 0), (53, 300, 0), (53, 300, 0), (208, 22, 0), (220, 220, 0), (108, 46, 0), (81, 220, 0), (269, 220, 0), (201, 221, 0), (53, 300, 0), (53, 248, 0), (10, 101, 0), (10, 101, 0), (142, 321, 0), (86, 75, 0), (86, 75, 0), (86, 75, 0), (86, 75, 0), (27, 349, 0), (357, 144, 0), (357, 280, 0), (357, 280, 0), (120, 76, 0), (120, 308, 0), (341, 271, 0), (357, 300, 0), (208, 347, 0), (357, 101, 0), (340, 300, 0), (176, 140, 0), (208, 140, 0), (86, 164, 0), (102, 154, 0), (208, 145, 0), (208, 154, 0), (179, 311, 0), (15, 101, 0), (222, 311, 0), (344, 133, 0), (73, 327, 0), (73, 327, 0), (73, 235, 0), (352, 55, 0), (252, 55, 0), (280, 55, 0), (280, 256, 0), (352, 280, 0), (52, 349, 0), (27, 349, 0), (206, 27, 0), (283, 44, 0), (198, 235, 0), (357, 107, 0), (219, 111, 0), (200, 142, 0), (145, 83, 0), (147, 111, 0), (53, 248, 0), (53, 248, 0), (53, 248, 0), (27, 349, 0), (176, 27, 0), (53, 248, 0), (45, 300, 0), (326, 300, 0), (287, 361, 0), (62, 41, 0), (41, 93, 0), (174, 76, 0), (184, 308, 0), (184, 271, 0), (349, 308, 0), (208, 26, 0), (357, 26, 0), (149, 26, 0), (208, 26, 0), (357, 330, 0), (49, 330, 0), (49, 330, 0), (49, 330, 0), (208, 330, 0), (49, 330, 0), (49, 330, 0), (208, 330, 0), (49, 330, 0), (53, 55, 0), (53, 248, 0), (176, 300, 0), (324, 159, 0), (173, 133, 0), (311, 101, 0), (118, 101, 0), (222, 101, 0), (222, 101, 0), (90, 55, 0), (357, 55, 0), (357, 55, 0), (357, 55, 0), (90, 55, 0), (90, 55, 0), (113, 10, 0), (41, 271, 0), (179, 268, 0), (179, 268, 0), (179, 268, 0), (206, 268, 0), (197, 98, 0), (176, 280, 0), (176, 280, 0), (176, 180, 0), (176, 180, 0), (176, 180, 0), (30, 271, 0), (176, 22, 0), (176, 65, 0), (33, 195, 0), (176, 142, 0), (88, 119, 0), (135, 186, 0), (135, 343, 0), (135, 263, 0), (120, 308, 0), (19, 308, 0), (179, 331, 0), (171, 200, 0), (171, 200, 0), (142, 173, 0), (53, 173, 0), (144, 220, 0), (38, 220, 0), (38, 220, 0), (38, 220, 0), (176, 26, 0), (176, 26, 0), (208, 306, 0), (208, 350, 0), (176, 3, 0), (210, 107, 0), (210, 107, 0), (208, 156, 0), (208, 156, 0), (208, 142, 0), (89, 165, 0), (213, 341, 0), (213, 341, 0), (213, 62, 0), (53, 300, 0), (170, 20, 0), (218, 34, 0), (357, 290, 0), (357, 88, 0), (357, 75, 0), (357, 75, 0), (10, 308, 0), (10, 308, 0), (120, 308, 0), (237, 247, 0), (357, 62, 0), (166, 147, 0), (113, 75, 0), (357, 9, 0), (176, 282, 0), (282, 349, 0), (176, 282, 0), (208, 292, 0), (176, 21, 0), (176, 21, 0), (176, 21, 0), (176, 21, 0), (176, 21, 0), (176, 21, 0), (176, 21, 0), (176, 21, 0), (179, 101, 0), (179, 101, 0), (187, 323, 0), (208, 187, 0), (208, 187, 0), (208, 187, 0), (187, 323, 0), (23, 203, 0), (176, 23, 0), (23, 203, 0), (135, 23, 0), (176, 23, 0), (320, 299, 0), (53, 211, 0), (326, 323, 0), (326, 323, 0), (137, 53, 0), (220, 308, 0), (210, 256, 0), (263, 248, 0), (187, 300, 0), (206, 23, 0), (226, 23, 0), (118, 22, 0), (206, 23, 0), (206, 23, 0), (112, 76, 0), (184, 308, 0), (113, 308, 0), (308, 220, 0), (208, 296, 0), (208, 281, 0), (149, 281, 0), (232, 83, 0), (232, 308, 0), (232, 308, 0), (34, 328, 0), (163, 34, 0), (159, 108, 0), (147, 220, 0), (357, 75, 0), (357, 18, 0), (208, 161, 0), (357, 264, 0), (53, 300, 0), (53, 300, 0), (220, 308, 0), (11, 220, 0), (11, 220, 0), (11, 220, 0), (11, 220, 0), (27, 247, 0), (27, 247, 0), (272, 258, 0), (206, 27, 0), (179, 27, 0), (179, 27, 0), (179, 27, 0), (254, 27, 0), (142, 221, 0), (142, 76, 0), (142, 327, 0), (10, 308, 0), (10, 308, 0), (10, 308, 0), (227, 308, 0), (334, 93, 0), (91, 91, 0), (16, 76, 0), (357, 116, 0), (265, 271, 0), (357, 351, 0), (71, 83, 0), (71, 83, 0), (71, 83, 0), (357, 101, 0), (108, 46, 0), (108, 218, 0), (176, 122, 0), (105, 347, 0), (105, 347, 0), (208, 300, 0), (176, 300, 0), (53, 300, 0), (90, 122, 0), (222, 101, 0), (189, 308, 0), (175, 293, 0), (98, 33, 0), (206, 229, 0), (343, 122, 0), (187, 101, 0), (357, 343, 0), (206, 56, 0), (30, 180, 0), (99, 253, 0), (17, 172, 0), (17, 332, 0), (17, 172, 0), (17, 172, 0), (17, 172, 0), (17, 172, 0), (17, 172, 0), (17, 172, 0), (17, 358, 0), (53, 122, 0), (53, 122, 0), (53, 122, 0), (211, 229, 0), (275, 113, 0), (134, 113, 0), (250, 27, 0), (176, 18, 0), (208, 18, 0), (112, 196, 0), (168, 220, 0), (220, 308, 0), (257, 84, 0), (342, 308, 0), (342, 76, 0), (176, 263, 0), (331, 300, 0), (84, 220, 0), (10, 221, 0), (112, 308, 0), (176, 187, 0), (176, 187, 0), (187, 187, 0), (208, 187, 0), (208, 187, 0), (94, 248, 0), (331, 80, 0), (81, 26, 0), (173, 328, 0), (343, 300, 0), (343, 300, 0), (343, 300, 0), (343, 300, 0), (343, 300, 0), (169, 116, 0), (168, 220, 0), (168, 220, 0), (47, 107, 0), (23, 248, 0), (106, 23, 0), (117, 220, 0), (53, 248, 0), (53, 8, 0), (53, 248, 0), (218, 107, 0), (31, 249, 0), (25, 18, 0), (312, 308, 0), (222, 311, 0), (206, 23, 0), (206, 22, 0), (179, 22, 0), (206, 22, 0), (15, 101, 0), (222, 220, 0), (150, 249, 0), (150, 249, 0), (53, 249, 0), (169, 225, 0), (301, 131, 0), (301, 131, 0), (357, 131, 0), (345, 349, 0), (347, 103, 0), (27, 103, 0), (27, 103, 0), (27, 349, 0), (120, 308, 0), (120, 308, 0), (23, 300, 0), (352, 23, 0), (317, 22, 0), (317, 22, 0), (317, 23, 0), (176, 23, 0), (22, 9, 0), (23, 248, 0), (208, 9, 0), (176, 23, 0), (289, 288, 0), (289, 248, 0), (135, 281, 0), (135, 281, 0), (135, 239, 0), (27, 308, 0), (108, 308, 0), (220, 136, 0), (220, 212, 0), (176, 285, 0), (208, 187, 0), (176, 187, 0), (176, 263, 0), (176, 263, 0), (176, 187, 0), (176, 23, 0), (176, 347, 0), (211, 347, 0), (287, 98, 0), (53, 116, 0), (117, 218, 0), (117, 218, 0), (117, 120, 0), (349, 135, 0), (53, 248, 0), (53, 248, 0), (117, 308, 0), (206, 101, 0), (112, 220, 0), (174, 308, 0), (174, 308, 0), (174, 308, 0), (174, 308, 0), (174, 308, 0), (174, 308, 0), (174, 308, 0), (53, 300, 0), (179, 116, 0), (176, 26, 0), (26, 349, 0), (179, 187, 0), (187, 300, 0), (206, 187, 0), (187, 300, 0), (208, 22, 0), (208, 22, 0), (198, 44, 0), (283, 44, 0), (44, 44, 0), (220, 220, 0), (84, 220, 0), (335, 220, 0), (206, 233, 0), (34, 328, 0), (280, 116, 0), (9, 347, 0), (182, 55, 0), (179, 345, 0), (10, 236, 0), (135, 23, 0), (248, 23, 0), (343, 300, 0), (208, 58, 0), (176, 53, 0), (53, 248, 0), (40, 122, 0), (170, 122, 0), (132, 133, 0), (357, 62, 0), (23, 248, 0), (23, 248, 0), (176, 306, 0), (306, 350, 0), (176, 306, 0), (322, 18, 0), (357, 55, 0), (357, 55, 0), (90, 55, 0), (357, 55, 0), (357, 55, 0), (357, 55, 0), (90, 55, 0), (90, 55, 0), (212, 76, 0), (294, 21, 0), (357, 21, 0), (357, 107, 0), (357, 107, 0), (357, 107, 0), (109, 308, 0), (167, 76, 0), (86, 107, 0), (86, 248, 0), (209, 264, 0), (209, 264, 0), (206, 101, 0), (68, 250, 0), (176, 53, 0), (352, 53, 0), (357, 45, 0), (112, 308, 0), (84, 308, 0), (112, 308, 0), (208, 153, 0), (357, 80, 0), (357, 101, 0), (357, 130, 0), (53, 122, 0), (343, 122, 0), (343, 122, 0), (125, 66, 0), (179, 187, 0), (206, 187, 0), (206, 187, 0), (234, 323, 0), (234, 323, 0), (176, 200, 0), (176, 200, 0), (176, 200, 0), (176, 200, 0), (176, 26, 0), (176, 200, 0), (176, 229, 0), (176, 200, 0), (265, 308, 0), (357, 308, 0), (296, 101, 0), (185, 47, 0), (264, 293, 0), (312, 293, 0), (179, 75, 0), (206, 75, 0), (179, 290, 0), (206, 290, 0), (206, 75, 0), (206, 75, 0), (357, 123, 0), (28, 308, 0), (175, 308, 0), (28, 308, 0), (28, 308, 0), (28, 308, 0), (28, 270, 0), (28, 308, 0), (28, 308, 0), (86, 300, 0), (66, 217, 0), (218, 358, 0), (66, 358, 0), (290, 107, 0), (75, 107, 0), (290, 107, 0), (86, 187, 0), (208, 187, 0), (357, 187, 0), (357, 269, 0), (330, 62, 0), (264, 269, 0), (185, 269, 0), (53, 300, 0), (53, 300, 0), (179, 204, 0), (233, 208, 0), (179, 208, 0), (176, 63, 0), (206, 101, 0), (208, 255, 0), (149, 224, 0), (202, 9, 0), (176, 22, 0), (176, 23, 0), (176, 22, 0), (208, 268, 0), (176, 268, 0), (243, 268, 0), (176, 268, 0), (135, 268, 0), (175, 116, 0), (175, 116, 0), (174, 308, 0), (174, 308, 0), (174, 308, 0), (86, 107, 0), (86, 107, 0), (8, 248, 0), (137, 300, 0), (331, 300, 0), (331, 300, 0), (10, 308, 0), (308, 10, 0), (10, 308, 0), (10, 308, 0), (58, 352, 0), (311, 101, 0), (102, 154, 0), (176, 153, 0), (176, 58, 0), (140, 58, 0), (53, 107, 0), (245, 107, 0), (53, 107, 0), (234, 323, 0), (53, 323, 0), (274, 312, 0), (112, 220, 0), (287, 98, 0), (305, 128, 0), (206, 101, 0), (206, 101, 0), (206, 101, 0), (260, 42, 0), (342, 220, 0), (260, 35, 0), (260, 42, 0), (358, 14, 0), (271, 124, 0), (357, 280, 0), (176, 22, 0), (53, 300, 0), (112, 308, 0), (22, 300, 0), (23, 248, 0), (196, 76, 0), (196, 76, 0), (171, 308, 0), (171, 308, 0), (220, 308, 0), (171, 220, 0), (206, 101, 0), (222, 101, 0), (53, 351, 0), (234, 36, 0), (303, 225, 0), (176, 300, 0), (272, 220, 0), (206, 101, 0), (179, 101, 0), (135, 133, 0), (176, 280, 0), (120, 308, 0), (161, 83, 0), (176, 156, 0), (14, 34, 0), (71, 71, 0), (153, 154, 0), (153, 154, 0), (153, 154, 0), (176, 187, 0), (208, 186, 0), (208, 187, 0), (176, 187, 0), (208, 187, 0), (331, 248, 0), (206, 300, 0), (53, 300, 0), (243, 248, 0), (343, 202, 0), (53, 122, 0), (112, 221, 0), (212, 220, 0), (112, 308, 0), (207, 328, 0), (328, 193, 0), (221, 220, 0), (211, 347, 0), (255, 218, 0), (340, 300, 0), (340, 53, 0), (340, 248, 0), (246, 220, 0), (176, 306, 0), (176, 26, 0), (176, 152, 0), (176, 26, 0), (176, 26, 0), (176, 26, 0), (176, 306, 0), (176, 330, 0), (49, 330, 0), (49, 330, 0), (176, 27, 0), (176, 237, 0), (27, 349, 0), (206, 300, 0), (340, 88, 0), (340, 300, 0), (1, 53, 0), (264, 209, 0), (209, 264, 0), (121, 247, 0), (27, 349, 0), (242, 349, 0), (257, 32, 0), (208, 322, 0), (341, 308, 0), (341, 308, 0), (108, 308, 0), (341, 308, 0), (108, 308, 0), (341, 308, 0), (327, 308, 0), (176, 62, 0), (246, 101, 0), (296, 144, 0), (176, 91, 0), (291, 264, 0), (185, 83, 0), (71, 308, 0), (53, 300, 0), (25, 133, 0), (25, 133, 0), (25, 133, 0), (113, 107, 0), (58, 300, 0), (5, 248, 0), (112, 220, 0), (45, 300, 0), (45, 351, 0), (45, 248, 0), (264, 62, 0), (120, 308, 0), (226, 22, 0), (206, 22, 0), (226, 22, 0), (206, 23, 0), (45, 300, 0), (169, 300, 0), (272, 212, 0), (272, 258, 0), (331, 300, 0), (53, 300, 0), (206, 349, 0), (32, 308, 0), (117, 308, 0), (84, 308, 0), (220, 308, 0), (90, 357, 0), (340, 107, 0), (32, 308, 0), (32, 308, 0), (103, 198, 0), (127, 55, 0), (23, 258, 0), (22, 323, 0), (99, 60, 0), (99, 60, 0), (24, 60, 0), (24, 60, 0), (206, 303, 0), (179, 303, 0), (86, 164, 0), (86, 164, 0), (86, 98, 0), (86, 164, 0), (86, 164, 0), (86, 164, 0), (86, 164, 0), (313, 122, 0), (220, 53, 0), (248, 22, 0), (32, 308, 0), (32, 308, 0), (32, 308, 0), (32, 308, 0), (32, 308, 0), (32, 308, 0), (187, 323, 0), (208, 187, 0), (208, 187, 0), (208, 308, 0), (135, 187, 0), (208, 187, 0), (176, 187, 0), (53, 122, 0), (53, 122, 0), (184, 76, 0), (184, 76, 0), (184, 76, 0), (53, 173, 0), (53, 248, 0), (141, 248, 0), (295, 220, 0), (179, 23, 0), (41, 22, 0), (23, 300, 0), (75, 75, 0), (176, 33, 0), (176, 59, 0), (176, 107, 0), (176, 33, 0), (176, 183, 0), (176, 51, 0), (70, 116, 0), (176, 116, 0), (262, 293, 0), (293, 122, 0), (262, 293, 0), (262, 293, 0), (262, 293, 0), (262, 293, 0), (170, 248, 0), (86, 107, 0), (86, 107, 0), (32, 308, 0), (32, 308, 0), (32, 308, 0), (278, 300, 0), (340, 248, 0), (340, 248, 0), (206, 203, 0), (206, 22, 0), (116, 300, 0), (271, 215, 0), (299, 271, 0), (285, 254, 0), (120, 220, 0), (73, 220, 0), (255, 76, 0), (86, 328, 0), (120, 308, 0), (335, 220, 0), (266, 217, 0), (212, 220, 0), (53, 248, 0), (343, 248, 0), (53, 248, 0), (343, 300, 0), (120, 76, 0), (120, 308, 0), (230, 327, 0), (189, 308, 0), (357, 346, 0), (265, 36, 0), (208, 351, 0), (17, 249, 0), (133, 17, 0), (176, 140, 0), (260, 200, 0), (357, 209, 0), (137, 300, 0), (176, 308, 0), (53, 122, 0), (53, 122, 0), (169, 60, 0), (286, 257, 0), (106, 309, 0), (176, 62, 0), (176, 62, 0), (176, 23, 0), (176, 22, 0), (5, 101, 0), (37, 216, 0), (62, 83, 0), (341, 308, 0), (215, 327, 0), (341, 308, 0), (220, 308, 0), (206, 75, 0), (206, 290, 0), (176, 290, 0), (52, 349, 0), (52, 349, 0), (357, 75, 0), (357, 75, 0), (357, 21, 0), (357, 75, 0), (357, 75, 0), (211, 347, 0), (357, 258, 0), (212, 220, 0), (341, 308, 0), (206, 23, 0), (176, 22, 0), (211, 22, 0), (206, 23, 0), (185, 83, 0), (206, 37, 0), (357, 37, 0), (206, 37, 0), (357, 37, 0), (206, 37, 0), (176, 31, 0), (153, 71, 0), (153, 154, 0), (32, 308, 0), (53, 173, 0), (206, 22, 0), (171, 220, 0), (171, 220, 0), (171, 221, 0), (171, 220, 0), (171, 220, 0), (171, 220, 0), (209, 308, 0), (209, 308, 0), (140, 58, 0), (176, 56, 0), (140, 323, 0), (176, 58, 0), (53, 248, 0), (53, 248, 0), (53, 248, 0), (208, 234, 0), (176, 317, 0), (208, 187, 0), (117, 34, 0), (117, 328, 0), (212, 328, 0), (179, 155, 0), (179, 107, 0), (176, 249, 0), (95, 249, 0), (53, 248, 0), (343, 300, 0), (53, 248, 0), (227, 308, 0), (227, 308, 0), (208, 308, 0), (208, 308, 0), (288, 248, 0), (53, 107, 0), (206, 199, 0), (313, 308, 0), (209, 291, 0), (209, 85, 0), (258, 272, 0), (195, 305, 0), (206, 23, 0), (206, 22, 0), (211, 26, 0), (56, 300, 0), (56, 300, 0), (322, 271, 0), (208, 23, 0), (135, 133, 0), (169, 300, 0), (32, 308, 0), (134, 107, 0), (257, 220, 0), (168, 220, 0), (257, 220, 0), (81, 220, 0), (168, 308, 0), (168, 220, 0), (168, 220, 0), (206, 62, 0), (313, 25, 0), (357, 25, 0), (8, 268, 0), (206, 268, 0), (120, 308, 0), (17, 200, 0), (179, 242, 0), (287, 98, 0), (130, 208, 0), (22, 248, 0), (206, 23, 0), (22, 300, 0), (265, 271, 0), (265, 165, 0), (98, 16, 0), (16, 308, 0), (124, 144, 0), (33, 308, 0), (176, 359, 0), (176, 156, 0), (176, 197, 0), (176, 156, 0), (176, 156, 0), (114, 308, 0), (114, 308, 0), (308, 107, 0), (208, 324, 0), (206, 91, 0), (206, 91, 0), (2, 88, 0), (137, 76, 0), (174, 76, 0), (230, 76, 0), (176, 23, 0), (64, 172, 0), (64, 34, 0), (64, 358, 0), (53, 122, 0), (53, 122, 0), (53, 122, 0), (101, 248, 0), (311, 101, 0), (175, 209, 0), (208, 209, 0), (2, 174, 0), (176, 324, 0), (324, 1, 0), (176, 324, 0), (208, 203, 0), (221, 308, 0), (176, 225, 0), (176, 156, 0), (176, 156, 0), (83, 271, 0), (179, 237, 0), (206, 27, 0), (349, 349, 0), (159, 108, 0), (176, 22, 0), (176, 22, 0), (30, 271, 0), (30, 271, 0), (86, 300, 0), (86, 300, 0), (176, 248, 0), (47, 107, 0), (53, 122, 0), (53, 122, 0), (53, 122, 0), (27, 349, 0), (152, 349, 0), (52, 349, 0), (27, 349, 0), (343, 248, 0), (176, 27, 0), (206, 27, 0), (19, 308, 0), (19, 308, 0), (19, 308, 0), (23, 248, 0), (206, 22, 0), (206, 22, 0), (84, 221, 0), (220, 308, 0), (220, 327, 0), (327, 308, 0), (327, 308, 0), (41, 107, 0), (23, 300, 0), (206, 187, 0), (135, 187, 0), (176, 187, 0), (47, 235, 0), (198, 299, 0), (198, 299, 0), (198, 96, 0), (230, 44, 0), (198, 299, 0), (230, 299, 0), (53, 122, 0), (176, 23, 0), (340, 351, 0), (340, 248, 0), (208, 161, 0), (147, 271, 0), (142, 308, 0), (206, 94, 0), (176, 340, 0), (308, 308, 0), (208, 153, 0), (342, 320, 0), (322, 239, 0), (206, 331, 0), (176, 335, 0), (176, 209, 0), (176, 71, 0), (176, 209, 0), (308, 209, 0), (176, 154, 0), (359, 43, 0), (86, 164, 0), (35, 76, 0), (260, 125, 0), (260, 125, 0), (106, 138, 0), (357, 101, 0), (176, 53, 0), (176, 343, 0), (176, 53, 0), (357, 180, 0), (176, 62, 0), (208, 62, 0), (174, 97, 0), (174, 97, 0), (179, 62, 0), (10, 101, 0), (10, 101, 0), (28, 271, 0), (206, 210, 0), (357, 210, 0), (357, 210, 0), (32, 165, 0), (230, 271, 0), (66, 200, 0), (328, 109, 0), (357, 281, 0), (30, 281, 0), (357, 239, 0), (357, 281, 0), (176, 48, 0), (176, 48, 0), (320, 133, 0), (176, 48, 0), (260, 35, 0), (256, 107, 0), (322, 271, 0), (316, 271, 0), (322, 271, 0), (222, 101, 0), (322, 328, 0), (10, 177, 0), (10, 214, 0), (225, 225, 0), (216, 225, 0), (234, 300, 0), (207, 172, 0), (86, 55, 0), (331, 300, 0), (174, 308, 0), (174, 308, 0), (174, 308, 0), (176, 281, 0), (176, 281, 0), (176, 281, 0), (176, 281, 0), (26, 300, 0), (277, 248, 0), (206, 300, 0), (206, 113, 0), (206, 24, 0), (86, 18, 0), (86, 18, 0), (86, 18, 0), (86, 18, 0), (357, 229, 0), (206, 289, 0), (206, 289, 0), (206, 289, 0), (357, 165, 0), (357, 288, 0), (206, 249, 0), (179, 306, 0), (206, 306, 0), (206, 306, 0), (206, 306, 0), (206, 306, 0), (271, 347, 0), (209, 347, 0), (208, 281, 0), (281, 239, 0), (319, 107, 0), (357, 344, 0), (260, 42, 0), (112, 42, 0), (260, 220, 0), (112, 168, 0), (32, 220, 0), (84, 308, 0), (293, 13, 0), (176, 130, 0), (176, 9, 0), (293, 13, 0), (176, 58, 0), (253, 27, 0), (277, 41, 0), (277, 100, 0), (114, 220, 0), (176, 187, 0), (176, 187, 0), (176, 74, 0), (187, 300, 0), (112, 308, 0), (300, 300, 0), (53, 300, 0), (277, 74, 0), (357, 142, 0), (142, 26, 0), (302, 302, 0), (343, 253, 0), (117, 328, 0), (117, 328, 0), (308, 308, 0), (53, 300, 0), (53, 248, 0), (151, 164, 0), (151, 164, 0), (151, 164, 0), (208, 164, 0), (35, 327, 0), (35, 235, 0), (35, 235, 0), (35, 235, 0), (274, 177, 0), (357, 177, 0), (357, 177, 0), (357, 177, 0), (357, 177, 0), (347, 137, 0), (331, 80, 0), (17, 328, 0), (336, 300, 0), (176, 336, 0), (208, 336, 0), (176, 300, 0), (108, 218, 0), (176, 27, 0), (155, 355, 0), (213, 107, 0), (290, 107, 0), (75, 107, 0), (75, 107, 0), (176, 343, 0), (176, 343, 0), (185, 293, 0), (357, 308, 0), (357, 308, 0), (206, 300, 0), (206, 27, 0), (129, 343, 0), (176, 268, 0), (176, 268, 0), (208, 343, 0), (176, 268, 0), (176, 268, 0), (209, 308, 0), (209, 83, 0), (176, 209, 0), (176, 209, 0), (176, 209, 0), (86, 62, 0), (86, 62, 0), (84, 308, 0), (130, 172, 0), (205, 172, 0), (176, 187, 0), (176, 187, 0), (176, 133, 0), (208, 133, 0), (53, 300, 0), (176, 53, 0), (53, 248, 0), (157, 53, 0), (272, 163, 0), (313, 122, 0), (206, 52, 0), (121, 247, 0), (89, 358, 0), (191, 107, 0), (206, 37, 0), (206, 37, 0), (176, 349, 0), (75, 107, 0), (343, 88, 0), (357, 177, 0), (206, 177, 0), (206, 177, 0), (206, 177, 0), (357, 177, 0), (357, 177, 0), (114, 320, 0), (114, 308, 0), (166, 220, 0), (84, 220, 0), (84, 220, 0), (357, 133, 0), (357, 203, 0), (182, 53, 0), (26, 115, 0), (354, 240, 0), (174, 308, 0), (174, 271, 0), (174, 308, 0), (129, 220, 0), (117, 220, 0), (218, 47, 0), (287, 98, 0), (317, 245, 0), (22, 107, 0), (275, 113, 0), (212, 235, 0), (313, 74, 0), (169, 248, 0), (208, 56, 0), (140, 248, 0), (220, 125, 0), (220, 308, 0), (216, 122, 0), (5, 122, 0), (216, 122, 0), (216, 122, 0), (357, 290, 0), (357, 75, 0), (357, 75, 0), (357, 75, 0), (357, 75, 0), (357, 75, 0), (357, 290, 0), (10, 55, 0), (10, 107, 0), (86, 107, 0), (86, 107, 0), (120, 308, 0), (120, 308, 0), (357, 187, 0), (157, 187, 0), (175, 187, 0), (187, 23, 0), (167, 328, 0), (167, 328, 0), (328, 34, 0), (167, 328, 0), (167, 328, 0), (47, 107, 0), (290, 55, 0), (75, 55, 0), (290, 55, 0), (290, 55, 0), (75, 55, 0), (179, 309, 0), (206, 309, 0), (108, 218, 0), (176, 23, 0), (176, 22, 0), (23, 203, 0), (176, 22, 0), (70, 308, 0), (225, 300, 0), (261, 308, 0), (261, 308, 0), (176, 23, 0), (180, 264, 0), (86, 42, 0), (86, 42, 0), (108, 34, 0), (176, 27, 0), (27, 349, 0), (176, 27, 0), (176, 27, 0), (208, 27, 0), (176, 27, 0), (135, 13, 0), (135, 187, 0), (187, 203, 0), (176, 264, 0), (222, 264, 0), (179, 229, 0), (170, 76, 0), (331, 122, 0), (249, 309, 0), (208, 140, 0), (179, 140, 0), (176, 140, 0), (176, 122, 0), (120, 76, 0), (240, 308, 0), (23, 300, 0), (132, 23, 0), (22, 248, 0), (357, 209, 0), (357, 209, 0), (357, 209, 0), (357, 209, 0), (357, 209, 0), (357, 209, 0), (357, 209, 0), (357, 209, 0), (357, 209, 0), (195, 220, 0), (10, 308, 0), (10, 308, 0), (10, 308, 0), (10, 308, 0), (10, 308, 0), (10, 308, 0), (293, 300, 0), (176, 62, 0), (30, 235, 0), (30, 347, 0), (22, 248, 0), (277, 248, 0), (157, 271, 0), (357, 271, 0), (208, 21, 0), (357, 21, 0), (22, 300, 0), (176, 23, 0), (208, 23, 0), (176, 23, 0), (176, 23, 0), (23, 248, 0), (357, 75, 0), (357, 75, 0), (357, 75, 0), (357, 290, 0), (89, 107, 0), (120, 308, 0), (120, 308, 0), (19, 308, 0), (179, 248, 0), (179, 22, 0), (206, 22, 0), (22, 248, 0), (208, 140, 0), (120, 308, 0), (317, 23, 0), (53, 248, 0), (53, 300, 0), (53, 300, 0), (27, 349, 0), (108, 200, 0), (339, 220, 0), (220, 308, 0), (339, 220, 0), (41, 8, 0), (203, 23, 0), (176, 187, 0), (281, 248, 0), (84, 220, 0), (241, 220, 0), (176, 23, 0), (176, 22, 0), (208, 22, 0), (359, 22, 0), (108, 133, 0), (206, 50, 0), (206, 50, 0), (206, 50, 0), (176, 50, 0), (206, 50, 0), (331, 122, 0), (317, 331, 0), (323, 245, 0), (286, 220, 0), (212, 220, 0), (331, 248, 0), (331, 248, 0), (331, 248, 0), (18, 18, 0), (213, 141, 0), (53, 122, 0), (343, 122, 0), (248, 122, 0), (132, 133, 0), (132, 133, 0), (132, 271, 0), (75, 107, 0), (253, 107, 0), (290, 256, 0), (216, 122, 0), (4, 101, 0), (5, 122, 0), (5, 122, 0), (216, 122, 0), (220, 308, 0), (257, 220, 0), (220, 244, 0), (58, 248, 0), (56, 300, 0), (53, 300, 0), (259, 308, 0), (134, 308, 0), (134, 308, 0), (220, 343, 0), (53, 300, 0), (220, 116, 0), (110, 155, 0), (241, 76, 0), (206, 4, 0), (142, 328, 0), (59, 308, 0), (130, 308, 0), (176, 248, 0), (329, 300, 0), (329, 300, 0), (358, 203, 0), (117, 328, 0), (206, 122, 0), (179, 101, 0), (206, 122, 0), (357, 122, 0), (53, 122, 0), (343, 300, 0), (53, 300, 0), (112, 308, 0), (357, 308, 0), (117, 220, 0), (176, 264, 0), (222, 101, 0), (120, 308, 0), (208, 220, 0), (208, 308, 0), (86, 164, 0), (86, 248, 0), (200, 300, 0), (23, 300, 0), (23, 300, 0), (357, 320, 0), (357, 320, 0), (98, 320, 0), (357, 75, 0), (357, 75, 0), (208, 290, 0), (275, 290, 0), (357, 62, 0), (357, 75, 0), (246, 102, 0), (10, 101, 0), (206, 101, 0), (176, 101, 0), (53, 122, 0), (53, 122, 0), (112, 220, 0), (201, 220, 0), (28, 271, 0), (357, 29, 0), (357, 271, 0), (117, 76, 0), (357, 249, 0), (357, 249, 0), (357, 249, 0), (357, 249, 0), (357, 294, 0), (357, 297, 0), (188, 13, 0), (288, 300, 0), (167, 328, 0), (167, 34, 0), (357, 134, 0), (53, 53, 0), (176, 203, 0), (112, 198, 0), (225, 300, 0), (245, 317, 0), (176, 27, 0), (179, 27, 0), (349, 282, 0), (208, 282, 0), (208, 282, 0), (176, 27, 0), (176, 349, 0), (149, 282, 0), (30, 308, 0), (30, 308, 0), (30, 308, 0), (255, 308, 0), (208, 282, 0), (292, 349, 0), (282, 349, 0), (208, 282, 0), (357, 27, 0), (357, 52, 0), (357, 27, 0), (206, 52, 0), (357, 26, 0), (206, 27, 0), (206, 100, 0), (22, 256, 0), (23, 55, 0), (22, 256, 0), (22, 177, 0), (23, 177, 0), (23, 106, 0), (220, 308, 0), (341, 308, 0), (108, 76, 0), (22, 93, 0), (357, 26, 0), (357, 288, 0), (305, 98, 0), (287, 98, 0), (66, 327, 0), (339, 26, 0), (66, 26, 0), (66, 26, 0), (66, 26, 0), (10, 308, 0), (10, 308, 0), (227, 308, 0), (10, 308, 0), (10, 308, 0), (176, 107, 0), (49, 330, 0), (128, 107, 0), (128, 107, 0), (11, 7, 0), (187, 323, 0), (176, 187, 0), (53, 248, 0), (53, 248, 0), (241, 220, 0), (241, 220, 0), (230, 308, 0), (328, 308, 0), (157, 107, 0), (117, 308, 0), (128, 107, 0), (68, 133, 0), (341, 308, 0), (108, 308, 0), (341, 308, 0), (108, 308, 0), (176, 315, 0), (19, 308, 0), (277, 228, 0), (169, 229, 0), (277, 225, 0), (169, 225, 0), (176, 22, 0), (176, 22, 0), (176, 22, 0), (176, 23, 0), (108, 133, 0), (357, 98, 0), (108, 71, 0), (264, 107, 0), (179, 311, 0), (112, 220, 0), (22, 122, 0), (309, 308, 0), (94, 5, 0), (94, 216, 0), (94, 356, 0), (208, 309, 0), (309, 248, 0), (309, 300, 0), (224, 97, 0), (288, 26, 0), (108, 125, 0), (331, 248, 0), (53, 300, 0), (179, 320, 0), (179, 177, 0), (176, 177, 0), (120, 308, 0), (19, 308, 0), (19, 308, 0), (120, 308, 0), (98, 75, 0), (112, 125, 0), (275, 166, 0), (174, 308, 0), (266, 249, 0), (176, 53, 0), (208, 343, 0), (132, 150, 0), (176, 343, 0), (176, 53, 0), (208, 53, 0), (170, 308, 0), (10, 308, 0), (10, 308, 0), (10, 308, 0), (211, 49, 0), (211, 49, 0), (62, 55, 0), (62, 55, 0), (62, 55, 0), (62, 55, 0), (201, 198, 0), (30, 308, 0), (202, 116, 0), (146, 202, 0), (343, 248, 0), (106, 142, 0), (106, 142, 0), (357, 19, 0), (357, 304, 0), (176, 62, 0), (206, 23, 0), (206, 22, 0), (135, 22, 0), (357, 62, 0), (357, 62, 0), (357, 62, 0), (135, 23, 0), (135, 22, 0), (132, 100, 0), (286, 245, 0), (286, 120, 0), (112, 177, 0), (328, 107, 0), (357, 328, 0), (34, 328, 0), (318, 107, 0), (117, 76, 0), (81, 76, 0), (357, 58, 0), (108, 218, 0), (86, 18, 0), (86, 25, 0), (86, 18, 0), (86, 177, 0), (86, 320, 0), (318, 107, 0), (357, 166, 0), (343, 107, 0), (53, 107, 0), (53, 107, 0), (53, 107, 0), (272, 308, 0), (185, 308, 0), (47, 107, 0), (176, 27, 0), (98, 261, 0), (328, 88, 0), (257, 32, 0), (112, 220, 0), (327, 308, 0), (208, 140, 0), (242, 140, 0), (222, 101, 0), (172, 103, 0), (208, 18, 0), (357, 18, 0), (206, 122, 0), (53, 122, 0), (335, 220, 0), (220, 308, 0), (135, 281, 0), (206, 281, 0), (176, 343, 0), (176, 343, 0), (357, 300, 0), (331, 88, 0), (208, 62, 0), (260, 212, 0), (161, 308, 0), (270, 308, 0), (174, 308, 0), (174, 308, 0), (174, 83, 0), (174, 308, 0), (174, 308, 0), (270, 308, 0), (201, 220, 0), (41, 349, 0), (179, 121, 0), (206, 121, 0), (347, 107, 0), (318, 347, 0), (318, 347, 0), (305, 133, 0), (305, 133, 0), (305, 133, 0), (305, 133, 0), (176, 282, 0), (334, 92, 0), (347, 355, 0), (67, 130, 0), (112, 283, 0), (84, 308, 0), (206, 27, 0), (91, 107, 0), (176, 55, 0), (176, 256, 0), (176, 256, 0), (176, 140, 0), (176, 140, 0), (176, 140, 0), (208, 140, 0), (19, 308, 0), (120, 308, 0), (19, 308, 0), (19, 308, 0), (120, 308, 0), (19, 308, 0), (19, 308, 0), (120, 308, 0), (135, 203, 0), (268, 248, 0), (206, 263, 0), (206, 268, 0), (206, 268, 0), (206, 268, 0), (260, 220, 0), (260, 220, 0), (260, 220, 0), (320, 279, 0), (64, 34, 0), (16, 195, 0), (335, 347, 0), (179, 177, 0), (179, 122, 0), (206, 122, 0), (8, 133, 0), (158, 163, 0), (53, 107, 0), (176, 23, 0), (176, 22, 0), (48, 122, 0), (48, 101, 0), (48, 101, 0), (176, 53, 0), (112, 125, 0), (343, 122, 0), (53, 122, 0), (53, 122, 0), (73, 220, 0), (73, 220, 0), (73, 220, 0), (95, 288, 0), (208, 288, 0), (222, 101, 0), (222, 101, 0), (28, 18, 0), (211, 347, 0), (28, 18, 0), (350, 225, 0), (106, 225, 0), (265, 116, 0), (33, 107, 0), (271, 107, 0), (343, 300, 0), (87, 349, 0), (130, 107, 0), (206, 55, 0), (206, 107, 0), (206, 107, 0), (331, 107, 0), (331, 308, 0), (343, 107, 0), (331, 308, 0), (53, 308, 0), (209, 74, 0), (357, 21, 0), (300, 248, 0), (176, 62, 0), (176, 62, 0), (112, 220, 0), (84, 220, 0), (201, 220, 0), (84, 220, 0), (112, 220, 0), (357, 77, 0), (357, 308, 0), (357, 327, 0), (357, 310, 0), (176, 88, 0), (88, 343, 0), (86, 75, 0), (86, 55, 0), (307, 107, 0), (99, 107, 0), (296, 101, 0), (222, 101, 0), (311, 101, 0), (5, 308, 0), (5, 308, 0), (5, 308, 0), (5, 308, 0), (112, 299, 0), (351, 113, 0), (206, 227, 0), (206, 22, 0), (206, 23, 0), (357, 23, 0), (357, 226, 0), (119, 107, 0), (176, 161, 0), (206, 161, 0), (206, 71, 0), (206, 161, 0), (32, 308, 0), (198, 308, 0), (198, 308, 0), (198, 308, 0), (198, 308, 0), (198, 308, 0), (197, 98, 0), (208, 52, 0), (52, 247, 0), (176, 21, 0), (176, 217, 0), (357, 257, 0), (201, 220, 0), (201, 220, 0), (84, 308, 0), (7, 328, 0), (296, 144, 0), (266, 85, 0), (198, 76, 0), (28, 271, 0), (306, 350, 0), (350, 306, 0), (176, 306, 0), (350, 306, 0), (350, 26, 0), (176, 306, 0), (218, 274, 0), (2, 88, 0), (132, 140, 0), (176, 27, 0), (95, 27, 0), (179, 27, 0), (179, 27, 0), (342, 299, 0), (342, 299, 0), (206, 101, 0), (309, 248, 0), (343, 101, 0), (196, 76, 0), (196, 76, 0), (196, 76, 0), (196, 308, 0), (176, 22, 0), (135, 22, 0), (22, 323, 0), (10, 308, 0), (10, 308, 0), (10, 308, 0), (10, 308, 0), (117, 308, 0), (7, 308, 0), (7, 308, 0), (117, 308, 0), (357, 41, 0), (179, 300, 0), (176, 187, 0), (187, 300, 0), (176, 187, 0), (179, 23, 0), (179, 187, 0), (277, 116, 0), (45, 248, 0), (120, 308, 0), (17, 308, 0), (234, 248, 0), (53, 248, 0), (53, 300, 0), (70, 116, 0), (120, 70, 0), (86, 46, 0), (206, 282, 0), (282, 144, 0), (112, 327, 0), (86, 339, 0), (86, 327, 0), (86, 328, 0), (86, 327, 0), (86, 327, 0), (174, 308, 0), (232, 83, 0), (157, 164, 0), (357, 164, 0), (357, 122, 0), (281, 239, 0), (132, 27, 0), (8, 23, 0), (176, 23, 0), (208, 23, 0), (176, 186, 0), (187, 122, 0), (176, 187, 0), (23, 122, 0), (176, 242, 0), (176, 22, 0), (10, 308, 0), (10, 308, 0), (342, 220, 0), (114, 308, 0), (114, 308, 0), (282, 288, 0), (206, 282, 0), (208, 21, 0), (176, 21, 0), (23, 300, 0), (23, 300, 0), (39, 232, 0), (30, 174, 0), (179, 22, 0), (179, 23, 0), (179, 22, 0), (179, 23, 0), (206, 22, 0), (118, 22, 0), (226, 173, 0), (134, 107, 0), (20, 308, 0), (357, 62, 0), (208, 353, 0), (357, 62, 0), (357, 62, 0), (317, 53, 0), (279, 47, 0), (212, 220, 0), (35, 220, 0), (7, 328, 0), (7, 328, 0), (7, 328, 0), (206, 282, 0), (206, 282, 0), (216, 248, 0), (206, 21, 0), (206, 21, 0), (206, 21, 0), (206, 21, 0), (206, 21, 0), (176, 21, 0), (10, 101, 0), (222, 311, 0), (206, 101, 0), (176, 27, 0), (160, 328, 0), (326, 323, 0), (326, 323, 0), (326, 323, 0), (326, 323, 0), (206, 122, 0), (179, 101, 0), (73, 26, 0), (9, 228, 0), (189, 308, 0), (189, 308, 0), (189, 308, 0), (281, 93, 0), (281, 8, 0), (176, 281, 0), (84, 220, 0), (150, 300, 0), (80, 300, 0), (262, 308, 0), (260, 220, 0), (260, 220, 0), (257, 220, 0), (288, 300, 0), (220, 308, 0), (206, 24, 0), (353, 248, 0), (206, 22, 0), (357, 22, 0), (206, 22, 0), (357, 133, 0), (157, 27, 0), (357, 13, 0), (179, 300, 0), (108, 328, 0), (108, 218, 0), (108, 218, 0), (208, 220, 0), (208, 140, 0), (75, 107, 0), (75, 107, 0), (75, 107, 0), (176, 23, 0), (130, 308, 0), (208, 308, 0), (260, 220, 0), (211, 347, 0), (227, 308, 0), (229, 107, 0), (246, 102, 0), (120, 252, 0), (88, 79, 0), (320, 139, 0), (149, 308, 0), (149, 308, 0), (138, 308, 0), (149, 308, 0), (226, 22, 0), (118, 22, 0), (226, 22, 0), (34, 328, 0), (117, 34, 0), (265, 207, 0), (297, 347, 0), (112, 308, 0), (84, 220, 0), (112, 308, 0), (32, 308, 0), (84, 168, 0), (257, 220, 0), (257, 308, 0), (168, 308, 0), (10, 168, 0), (89, 107, 0), (89, 55, 0), (208, 23, 0), (208, 23, 0), (208, 23, 0), (208, 187, 0), (208, 187, 0), (208, 23, 0), (208, 23, 0), (251, 221, 0), (335, 308, 0), (89, 107, 0), (47, 107, 0), (278, 277, 0), (277, 225, 0), (53, 300, 0), (53, 80, 0), (0, 300, 0), (343, 300, 0), (53, 107, 0), (53, 300, 0), (343, 80, 0), (331, 122, 0), (51, 8, 0), (134, 208, 0), (62, 107, 0), (253, 55, 0), (62, 107, 0), (270, 97, 0), (359, 97, 0), (28, 271, 0), (28, 271, 0), (357, 235, 0), (308, 142, 0), (328, 156, 0), (189, 308, 0), (45, 248, 0), (176, 300, 0), (45, 248, 0), (45, 300, 0), (45, 300, 0), (22, 300, 0), (23, 300, 0), (108, 218, 0), (132, 157, 0), (260, 308, 0), (260, 35, 0), (342, 35, 0), (257, 35, 0), (112, 308, 0), (120, 52, 0), (176, 27, 0), (179, 187, 0), (206, 300, 0), (176, 187, 0), (176, 187, 0), (176, 187, 0), (176, 187, 0), (206, 187, 0), (120, 308, 0), (176, 27, 0), (176, 27, 0), (176, 27, 0), (23, 107, 0), (23, 107, 0), (86, 164, 0), (285, 288, 0), (86, 164, 0), (176, 149, 0), (208, 258, 0), (208, 258, 0), (176, 149, 0), (208, 58, 0), (176, 58, 0), (176, 293, 0), (176, 268, 0), (189, 261, 0), (209, 308, 0), (189, 261, 0), (206, 282, 0), (357, 282, 0), (206, 282, 0), (176, 58, 0), (209, 58, 0), (360, 107, 0), (206, 22, 0), (208, 187, 0), (206, 22, 0), (176, 187, 0), (357, 156, 0), (357, 156, 0), (357, 156, 0), (356, 349, 0), (117, 327, 0), (198, 76, 0), (198, 76, 0), (335, 271, 0), (335, 271, 0), (30, 271, 0), (50, 271, 0), (176, 248, 0), (176, 248, 0), (22, 248, 0), (208, 22, 0), (359, 71, 0), (359, 71, 0), (176, 71, 0), (176, 200, 0), (187, 248, 0), (54, 308, 0), (120, 308, 0), (120, 308, 0), (120, 308, 0), (289, 288, 0), (86, 164, 0), (86, 164, 0), (10, 101, 0), (142, 308, 0), (142, 308, 0), (142, 308, 0), (150, 249, 0), (53, 249, 0), (206, 349, 0), (86, 223, 0), (343, 300, 0), (343, 300, 0), (53, 80, 0), (357, 300, 0), (326, 323, 0), (326, 248, 0), (326, 323, 0), (176, 187, 0), (176, 187, 0), (176, 300, 0), (203, 100, 0), (357, 25, 0), (357, 18, 0), (343, 352, 0), (206, 314, 0), (179, 360, 0), (212, 220, 0), (212, 220, 0), (206, 349, 0), (27, 349, 0), (206, 348, 0), (206, 27, 0), (144, 308, 0), (357, 280, 0), (176, 27, 0), (176, 27, 0), (176, 27, 0), (176, 23, 0), (242, 300, 0), (135, 22, 0), (2, 54, 0), (179, 288, 0), (68, 249, 0), (179, 140, 0), (179, 140, 0), (88, 41, 0), (335, 327, 0), (327, 76, 0), (221, 26, 0), (208, 24, 0), (280, 300, 0), (208, 280, 0), (208, 24, 0), (352, 23, 0), (208, 58, 0), (208, 140, 0), (357, 140, 0), (176, 140, 0), (176, 140, 0), (355, 298, 0), (123, 46, 0), (151, 122, 0), (151, 122, 0), (151, 122, 0), (97, 133, 0), (53, 107, 0), (53, 107, 0), (208, 343, 0), (53, 122, 0), (53, 122, 0), (57, 308, 0), (86, 164, 0), (86, 164, 0), (343, 248, 0), (253, 308, 0), (350, 306, 0), (176, 350, 0), (206, 349, 0), (206, 350, 0), (62, 88, 0), (357, 98, 0), (176, 27, 0), (208, 306, 0), (176, 26, 0), (176, 26, 0), (208, 26, 0), (208, 26, 0), (176, 152, 0), (176, 194, 0), (222, 264, 0), (349, 299, 0), (349, 146, 0), (343, 248, 0), (317, 332, 0), (220, 53, 0), (317, 307, 0), (71, 308, 0), (71, 154, 0), (53, 122, 0), (230, 299, 0), (206, 288, 0), (180, 116, 0), (73, 76, 0), (58, 300, 0), (208, 154, 0), (176, 154, 0), (357, 258, 0), (357, 258, 0), (206, 101, 0), (227, 308, 0), (341, 34, 0), (108, 304, 0), (108, 287, 0), (218, 308, 0), (218, 308, 0), (206, 282, 0), (206, 284, 0), (208, 282, 0), (10, 107, 0), (264, 116, 0), (176, 353, 0), (357, 62, 0), (176, 154, 0), (176, 154, 0), (176, 154, 0), (120, 261, 0), (47, 76, 0), (117, 220, 0), (206, 116, 0), (206, 175, 0), (189, 358, 0), (340, 300, 0), (53, 36, 0), (77, 55, 0), (206, 21, 0), (176, 21, 0), (208, 49, 0), (176, 185, 0), (277, 347, 0), (218, 76, 0), (341, 308, 0), (135, 280, 0), (176, 324, 0), (324, 248, 0), (176, 324, 0), (206, 51, 0), (206, 347, 0), (211, 347, 0), (253, 271, 0), (357, 244, 0), (57, 26, 0), (57, 26, 0), (57, 26, 0), (223, 23, 0), (208, 23, 0), (206, 26, 0), (176, 26, 0), (357, 26, 0), (357, 152, 0), (176, 26, 0), (53, 300, 0), (357, 75, 0), (357, 71, 0), (161, 308, 0), (357, 75, 0), (120, 308, 0), (120, 308, 0), (220, 308, 0), (8, 34, 0), (343, 300, 0), (343, 300, 0), (150, 300, 0), (6, 347, 0), (209, 347, 0), (61, 317, 0), (61, 317, 0), (343, 288, 0), (61, 317, 0), (53, 248, 0), (61, 317, 0), (176, 116, 0), (206, 27, 0), (27, 349, 0), (27, 349, 0), (27, 247, 0), (225, 288, 0), (149, 288, 0), (208, 284, 0), (179, 58, 0), (206, 56, 0), (260, 220, 0), (117, 235, 0), (129, 125, 0), (112, 125, 0), (232, 107, 0), (232, 107, 0), (174, 253, 0), (230, 308, 0), (84, 220, 0), (253, 235, 0), (30, 271, 0), (185, 83, 0), (71, 83, 0), (71, 83, 0), (185, 308, 0), (71, 83, 0), (53, 352, 0), (112, 219, 0), (10, 73, 0), (332, 308, 0), (33, 308, 0), (65, 308, 0), (33, 358, 0), (357, 41, 0), (357, 121, 0), (135, 22, 0), (135, 23, 0), (176, 262, 0), (355, 347, 0), (357, 235, 0), (357, 235, 0), (108, 218, 0), (260, 251, 0), (168, 42, 0), (260, 327, 0), (53, 300, 0), (10, 258, 0), (10, 258, 0), (357, 131, 0), (357, 131, 0), (357, 131, 0), (357, 131, 0), (32, 308, 0), (327, 308, 0), (212, 220, 0), (343, 107, 0), (179, 74, 0), (179, 74, 0), (206, 74, 0), (176, 300, 0), (53, 323, 0), (208, 288, 0), (208, 288, 0), (287, 98, 0), (357, 53, 0), (357, 107, 0), (208, 107, 0), (208, 290, 0), (208, 75, 0), (113, 55, 0), (169, 99, 0), (78, 133, 0), (69, 98, 0), (78, 133, 0), (208, 21, 0), (312, 308, 0), (134, 107, 0), (338, 347, 0), (230, 76, 0), (86, 220, 0), (86, 220, 0), (86, 42, 0), (42, 308, 0), (206, 187, 0), (74, 187, 0), (206, 187, 0), (53, 300, 0), (88, 0, 0), (157, 21, 0), (206, 21, 0), (357, 21, 0), (211, 347, 0), (130, 67, 0), (71, 308, 0), (71, 308, 0), (35, 220, 0), (345, 308, 0), (357, 18, 0), (357, 18, 0), (343, 122, 0), (176, 23, 0), (304, 22, 0), (157, 308, 0), (67, 130, 0), (176, 170, 0), (208, 254, 0), (176, 180, 0), (30, 170, 0), (176, 306, 0), (176, 26, 0), (208, 306, 0), (132, 133, 0), (176, 354, 0), (176, 26, 0), (176, 354, 0), (176, 354, 0), (176, 26, 0), (213, 62, 0), (255, 55, 0), (120, 228, 0), (86, 276, 0), (86, 122, 0), (222, 101, 0), (206, 101, 0), (120, 245, 0), (106, 9, 0), (357, 77, 0), (357, 175, 0), (357, 175, 0), (357, 77, 0), (208, 1, 0), (357, 21, 0), (176, 15, 0), (322, 116, 0), (98, 116, 0), (86, 116, 0), (86, 116, 0), (176, 101, 0), (257, 220, 0), (257, 220, 0), (279, 76, 0), (46, 300, 0), (208, 271, 0), (118, 308, 0), (19, 308, 0), (118, 308, 0), (19, 308, 0), (19, 308, 0), (53, 107, 0), (208, 160, 0), (206, 288, 0), (55, 107, 0), (271, 107, 0), (206, 26, 0), (206, 26, 0), (176, 26, 0), (206, 26, 0), (53, 300, 0), (71, 83, 0), (71, 83, 0), (71, 83, 0), (71, 83, 0), (49, 330, 0), (206, 227, 0), (322, 349, 0), (208, 288, 0), (72, 349, 0), (206, 22, 0), (341, 271, 0), (306, 350, 0), (208, 26, 0), (208, 306, 0), (208, 306, 0), (176, 27, 0), (176, 27, 0), (176, 27, 0), (313, 122, 0), (313, 122, 0), (313, 122, 0), (210, 347, 0), (28, 293, 0), (256, 107, 0), (176, 53, 0), (305, 274, 0), (239, 281, 0), (176, 214, 0), (187, 323, 0), (208, 187, 0), (186, 323, 0), (187, 323, 0), (314, 8, 0), (206, 161, 0), (176, 326, 0), (189, 261, 0), (89, 107, 0), (89, 107, 0), (257, 220, 0), (220, 320, 0), (5, 122, 0), (5, 101, 0), (5, 122, 0), (357, 132, 0), (53, 325, 0), (53, 248, 0), (2, 332, 0), (220, 308, 0), (206, 62, 0), (206, 62, 0), (201, 308, 0), (220, 308, 0), (176, 26, 0), (176, 26, 0), (176, 26, 0), (176, 187, 0), (187, 352, 0), (135, 187, 0), (176, 187, 0), (135, 187, 0), (30, 13, 0), (297, 107, 0), (41, 300, 0), (53, 248, 0), (269, 23, 0), (317, 23, 0), (211, 118, 0), (208, 281, 0), (208, 239, 0), (200, 308, 0), (130, 83, 0), (26, 22, 0), (23, 300, 0), (343, 107, 0), (53, 107, 0), (53, 55, 0), (319, 45, 0), (317, 45, 0), (176, 53, 0), (319, 45, 0), (176, 45, 0), (176, 75, 0), (176, 62, 0), (274, 75, 0), (176, 75, 0), (176, 75, 0), (357, 213, 0), (112, 220, 0), (66, 308, 0), (179, 101, 0), (222, 101, 0), (206, 101, 0), (206, 101, 0), (135, 98, 0), (135, 300, 0), (176, 22, 0), (176, 22, 0), (176, 278, 0), (167, 308, 0), (133, 117, 0), (32, 308, 0), (133, 220, 0), (176, 48, 0), (328, 22, 0), (176, 23, 0), (176, 22, 0), (135, 23, 0), (242, 82, 0), (135, 62, 0), (208, 187, 0), (187, 300, 0), (208, 187, 0), (112, 220, 0), (19, 308, 0), (307, 248, 0), (19, 76, 0), (19, 308, 0), (19, 308, 0), (32, 308, 0), (176, 10, 0), (176, 10, 0), (147, 76, 0), (206, 95, 0), (206, 107, 0), (206, 177, 0), (357, 280, 0), (53, 248, 0), (179, 85, 0), (206, 85, 0), (324, 273, 0), (84, 220, 0), (84, 220, 0), (211, 116, 0), (53, 80, 0), (53, 300, 0), (91, 91, 0), (91, 55, 0), (260, 308, 0), (260, 327, 0), (260, 35, 0), (27, 349, 0), (208, 27, 0), (176, 27, 0), (176, 27, 0), (208, 27, 0), (100, 122, 0), (184, 76, 0), (184, 76, 0), (176, 23, 0), (176, 22, 0), (176, 22, 0), (176, 23, 0), (176, 22, 0), (176, 22, 0), (343, 248, 0), (357, 200, 0), (357, 200, 0), (357, 200, 0), (357, 200, 0), (10, 308, 0), (10, 308, 0), (10, 308, 0), (10, 122, 0), (10, 308, 0), (10, 308, 0), (53, 300, 0), (58, 23, 0), (185, 83, 0), (71, 83, 0), (185, 71, 0), (53, 122, 0), (218, 220, 0), (84, 220, 0), (176, 22, 0), (230, 308, 0), (182, 347, 0), (357, 306, 0), (357, 306, 0), (357, 306, 0), (357, 306, 0), (357, 26, 0), (154, 293, 0), (208, 300, 0), (234, 300, 0), (22, 323, 0), (82, 323, 0), (23, 331, 0), (22, 323, 0), (208, 22, 0), (304, 144, 0), (130, 145, 0), (53, 122, 0), (53, 122, 0), (53, 122, 0), (53, 300, 0), (27, 349, 0), (27, 349, 0), (326, 323, 0), (326, 323, 0), (326, 238, 0), (208, 308, 0), (208, 343, 0), (304, 187, 0), (208, 187, 0), (176, 248, 0), (58, 323, 0), (208, 110, 0), (319, 319, 0), (305, 308, 0), (305, 308, 0), (305, 76, 0), (120, 308, 0), (305, 76, 0), (305, 308, 0), (145, 248, 0), (208, 306, 0), (357, 306, 0), (357, 26, 0), (32, 308, 0), (57, 299, 0), (353, 8, 0), (176, 62, 0), (208, 352, 0), (176, 62, 0), (208, 62, 0), (93, 107, 0), (214, 347, 0), (166, 108, 0), (208, 166, 0), (166, 108, 0), (357, 248, 0), (208, 26, 0), (208, 192, 0), (176, 192, 0), (130, 228, 0), (192, 26, 0), (277, 88, 0), (28, 271, 0), (33, 107, 0), (28, 107, 0), (28, 271, 0), (28, 107, 0), (253, 107, 0), (176, 331, 0), (176, 209, 0), (130, 331, 0), (176, 209, 0), (66, 50, 0), (66, 50, 0), (176, 347, 0), (208, 18, 0), (112, 220, 0), (10, 220, 0), (147, 220, 0), (201, 220, 0), (208, 271, 0), (28, 271, 0), (118, 22, 0), (179, 22, 0), (23, 300, 0), (208, 259, 0), (35, 125, 0), (35, 235, 0), (35, 235, 0), (35, 235, 0), (35, 235, 0), (35, 235, 0), (35, 235, 0), (213, 290, 0), (161, 75, 0), (213, 75, 0), (161, 75, 0), (71, 290, 0), (218, 308, 0), (47, 55, 0), (89, 55, 0), (47, 55, 0), (309, 349, 0), (273, 349, 0), (357, 336, 0), (357, 336, 0), (357, 336, 0), (357, 336, 0), (357, 329, 0), (357, 90, 0), (185, 308, 0), (312, 83, 0), (312, 308, 0), (312, 308, 0), (176, 101, 0), (136, 101, 0), (75, 256, 0), (220, 220, 0), (346, 101, 0), (176, 101, 0), (176, 101, 0), (176, 101, 0), (176, 101, 0), (359, 116, 0), (342, 342, 0), (271, 57, 0), (349, 218, 0), (169, 18, 0), (41, 328, 0), (155, 279, 0), (76, 89, 0), (231, 231, 0), (337, 337, 0), (357, 208, 0), (169, 277, 0), (17, 117, 0), (277, 338, 0), (347, 338, 0), (133, 349, 0), (347, 62, 0), (28, 179, 0), (174, 189, 0), (9, 133, 0), (355, 279, 0), (28, 89, 0), (87, 349, 0), (284, 328, 0), (171, 171, 0), (171, 171, 0), (142, 328, 0), (321, 328, 0), (36, 104, 0), (9, 133, 0), (357, 133, 0), (130, 133, 0), (130, 133, 0), (133, 349, 0), (303, 349, 0), (320, 318, 0), (87, 349, 0), (228, 248, 0), (29, 88, 0), (182, 279, 0), (5, 41, 0), (347, 88, 0), (176, 239, 0), (325, 277, 0), (47, 181, 0), (47, 76, 0), (133, 349, 0), (133, 170, 0), (194, 349, 0), (308, 47, 0), (79, 240, 0), (271, 240, 0), (269, 240, 0), (185, 8, 0), (10, 133, 0), (113, 133, 0), (10, 208, 0), (182, 104, 0), (318, 107, 0), (120, 11, 0), (200, 318, 0), (174, 318, 0), (10, 133, 0), (217, 349, 0), (9, 133, 0), (277, 277, 0), (133, 349, 0), (133, 349, 0), (260, 220, 0), (284, 349, 0), (357, 30, 0), (271, 184, 0), (53, 331, 0), (179, 309, 0), (179, 309, 0), (108, 70, 0), (230, 230, 0), (230, 230, 0), (320, 76, 0), (135, 40, 0), (132, 140, 0), (69, 195, 0), (32, 76, 0), (357, 41, 0), (341, 308, 0), (130, 133, 0), (158, 158, 0), (341, 308, 0), (112, 308, 0), (53, 308, 0), (198, 76, 0), (112, 84, 0), (112, 32, 0), (201, 198, 0), (273, 271, 0), (108, 83, 0), (341, 308, 0), (275, 55, 0), (357, 85, 0), (161, 293, 0), (161, 89, 0), (103, 107, 0), (189, 261, 0), (111, 261, 0), (5, 349, 0), (220, 220, 0), (17, 25, 0), (357, 343, 0), (167, 308, 0), (357, 142, 0), (206, 142, 0), (58, 352, 0), (32, 308, 0), (77, 308, 0), (30, 76, 0), (206, 309, 0), (206, 309, 0), (357, 309, 0), (176, 309, 0), (13, 107, 0), (120, 28, 0), (208, 23, 0), (342, 308, 0), (147, 76, 0), (167, 167, 0), (343, 101, 0), (35, 112, 0), (113, 10, 0), (179, 263, 0), (135, 186, 0), (19, 308, 0), (171, 171, 0), (267, 267, 0), (38, 38, 0), (357, 156, 0), (89, 279, 0), (232, 47, 0), (11, 220, 0), (218, 347, 0), (235, 308, 0), (189, 308, 0), (206, 308, 0), (86, 86, 0), (176, 306, 0), (294, 21, 0), (341, 308, 0), (108, 76, 0), (167, 308, 0), (264, 47, 0), (270, 308, 0), (266, 249, 0), (185, 33, 0), (32, 261, 0), (32, 308, 0), (145, 256, 0), (167, 308, 0), (176, 51, 0), (19, 76, 0), (17, 249, 0), (71, 83, 0), (171, 171, 0), (318, 309, 0), (53, 138, 0), (209, 291, 0), (253, 253, 0), (32, 308, 0), (17, 200, 0), (98, 16, 0), (220, 308, 0), (176, 156, 0), (169, 277, 0), (216, 195, 0), (208, 21, 0), (342, 295, 0), (260, 129, 0), (260, 260, 0), (179, 289, 0), (32, 220, 0), (30, 308, 0), (212, 327, 0), (107, 177, 0), (339, 308, 0), (222, 161, 0), (166, 241, 0), (174, 308, 0), (270, 308, 0), (174, 308, 0), (275, 290, 0), (208, 53, 0), (181, 240, 0), (69, 140, 0), (206, 321, 0), (114, 220, 0), (114, 220, 0), (275, 308, 0), (10, 308, 0), (11, 7, 0), (11, 7, 0), (33, 271, 0), (32, 308, 0), (302, 122, 0), (185, 222, 0), (208, 140, 0), (16, 16, 0), (279, 76, 0), (163, 286, 0), (53, 308, 0), (216, 308, 0), (208, 140, 0), (10, 308, 0), (232, 308, 0), (339, 320, 0), (262, 210, 0), (117, 308, 0), (293, 210, 0), (335, 271, 0), (174, 97, 0), (223, 104, 0), (312, 104, 0), (335, 201, 0), (142, 288, 0), (125, 125, 0), (357, 140, 0), (135, 140, 0), (135, 140, 0), (151, 151, 0), (341, 308, 0), (57, 26, 0), (294, 21, 0), (19, 308, 0), (19, 308, 0), (89, 107, 0), (308, 58, 0), (308, 23, 0), (133, 308, 0), (308, 308, 0), (133, 308, 0), (357, 107, 0), (7, 308, 0), (180, 269, 0), (128, 207, 0), (10, 308, 0), (304, 26, 0), (305, 308, 0), (32, 47, 0), (66, 50, 0), (35, 125, 0), (35, 235, 0), (161, 75, 0), (75, 55, 0), (220, 66, 1), (279, 279, 1), (83, 33, 1), (27, 87, 1), (349, 87, 1), (211, 29, 1), (274, 304, 1), (170, 313, 1), (37, 53, 1), (169, 22, 1), (328, 176, 1), (328, 206, 1), (328, 176, 1), (355, 279, 1), (30, 308, 1), (352, 36, 1), (113, 10, 1), (37, 27, 1), (313, 179, 1), (313, 357, 1), (149, 274, 1), (53, 250, 1), (331, 182, 1), (331, 176, 1), (349, 357, 1), (34, 122, 1), (328, 309, 1), (279, 47, 1), (149, 157, 1), (349, 17, 1), (349, 17, 1), (328, 112, 1), (328, 351, 1), (328, 179, 1), (77, 18, 1), (147, 175, 1), (357, 308, 1), (328, 331, 1), (328, 331, 1), (328, 331, 1), (67, 130, 1), (328, 32, 1), (328, 294, 1), (67, 357, 1), (255, 2, 1), (277, 206, 1), (277, 206, 1), (313, 206, 1), (313, 357, 1), (313, 206, 1), (313, 206, 1), (349, 87, 1), (349, 87, 1), (185, 62, 1), (169, 277, 1), (235, 271, 1), (53, 176, 1), (138, 71, 1), (107, 340, 1), (302, 340, 1), (328, 53, 1), (313, 22, 1), (328, 331, 1), (284, 123, 1), (328, 308, 1), (328, 33, 1), (328, 33, 1), (10, 235, 1), (11, 7, 1), (277, 300, 1), (349, 176, 1), (47, 155, 1), (328, 122, 1), (349, 87, 1), (349, 87, 1), (266, 87, 1), (328, 53, 1), (328, 176, 1), (328, 53, 1), (220, 114, 1), (220, 220, 1), (282, 357, 1), (349, 304, 1), (349, 208, 1), (67, 22, 1), (47, 240, 1), (349, 357, 1), (60, 308, 1), (120, 218, 1), (328, 53, 1), (349, 108, 1), (328, 313, 1), (328, 23, 1), (331, 176, 1), (343, 176, 1), (271, 184, 1), (328, 122, 1), (169, 357, 1), (323, 357, 1), (326, 357, 1), (211, 75, 1), (349, 169, 1), (200, 347, 1), (279, 47, 1), (328, 220, 1), (235, 30, 1), (169, 176, 1), (277, 277, 1), (181, 240, 1), (10, 271, 1), (274, 274, 1), (317, 53, 1), (328, 45, 1), (26, 89, 1), (211, 29, 1), (47, 76, 1), (271, 253, 1)]
unique train_triplets = 1935