#unique subjects =  193
#unique objects =  204
#unique concepts =  209
#instances =  1162

role intrinsic meanings: linguistic position

concept_centric_entropy3 :  1.367151593035747
concept_centric_entropy4 :  0.39614667132448655
concept_centric_entropy5 :  0.400313872635897
relation_centric_entropy3 :  7.087374701021731
relation_centric_entropy4 :  3.913440515105604
relation_centric_entropy5 :  3.965522667972734
divergence :  -1.4052919667429182
divergence2 :  -0.29692792800490436
divergence3 :  -0.2927607266934945
concept_role_entropy :  3.4128069537277606
concept_role_entropy2 :  3.4607219052834832
role_association :  2.050527422595805
role_association2 :  2.0984423741515257
concept_entropy :  4.210368443110511
concept_entropy2 :  4.258283394666234
concept_entropy0 :  4.2463333338823395
concept_role_index_entropy :  0.6811397655659779

role intrinsic meanings: image position

concept_centric_entropy3 :  1.367151593035747
concept_centric_entropy4 :  0.6770515063256275
concept_centric_entropy5 :  0.6792656119496974
relation_centric_entropy3 :  7.087374701021731
relation_centric_entropy4 :  4.198366932396405
relation_centric_entropy5 :  3.6805962506819343
divergence :  -1.4052919667429182
divergence2 :  -0.016023093003763096
divergence3 :  -0.013808987379691396
concept_role_entropy :  2.8418640162931843
concept_role_entropy2 :  2.3218792289546393
role_association :  2.0394410594761747
role_association2 :  1.519456272137631
concept_entropy :  4.214390025400176
concept_entropy2 :  3.694405238061628
concept_entropy0 :  4.2463333338823395
concept_role_index_entropy :  0.40121147840850635


--------------------------------------------------------
crux_nouns

role intrinsic meanings: linguistic position

#unique concepts =  61
#instances =  741

#unique O1 =  61
#unique O2 =  61
concept_centric_entropy3 :  1.383928891923087
concept_centric_entropy4 :  0.46417481297901036
concept_centric_entropy5 :  0.47302090760085486
relation_centric_entropy3 :  5.500985751552383
relation_centric_entropy4 :  3.2167242826718034
relation_centric_entropy5 :  3.221504248648779
divergence :  -1.3886580090912217
divergence2 :  -0.22897145696819896
divergence3 :  -0.2201253623463545
concept_role_entropy :  3.4593944884389765
concept_role_entropy2 :  3.4553283597941093
role_association :  2.07541853732755
role_association2 :  2.0713524086826807
concept_entropy :  3.4456957396400063
concept_entropy2 :  3.441629610995138
concept_entropy0 :  3.444821880321805
concept_role_index_entropy :  0.6919879755557129
--------------------------------------------------------


role intrinsic meanings: image position

#unique concepts =  61
#instances =  741

#unique O1 =  61
#unique O2 =  61
concept_centric_entropy3 :  1.383928891923087
concept_centric_entropy4 :  0.6897659182067951
concept_centric_entropy5 :  0.6900264348476322
relation_centric_entropy3 :  5.500985751552383
relation_centric_entropy4 :  3.4163782303092427
relation_centric_entropy5 :  3.0218503010113404
divergence :  -1.3886580090912217
divergence2 :  -0.003380351740414585
divergence3 :  -0.0031198350995774427
concept_role_entropy :  2.8835444671117636
concept_role_entropy2 :  2.48875602117302
role_association :  1.9421651484749003
role_association2 :  1.54737670253616
concept_entropy :  3.4197585820496617
concept_entropy2 :  3.0249701361109214
concept_entropy0 :  3.444821880321805
concept_role_index_entropy :  0.47068965931843215
--------------------------------------------------------



741
train_triplets under image positional roles:
[(9, 33, 1), (9, 33, 0), (12, 48, 1), (12, 48, 0), (10, 54, 1), (10, 54, 0), (16, 22, 1), (16, 22, 0), (0, 54, 0), (0, 54, 1), (10, 54, 0), (10, 54, 1), (11, 9, 0), (11, 9, 1), (14, 15, 0), (14, 15, 1), (26, 54, 0), (26, 54, 1), (10, 54, 1), (10, 54, 0), (54, 9, 0), (54, 9, 1), (33, 9, 1), (33, 9, 0), (2, 28, 1), (33, 54, 0), (33, 54, 1), (23, 51, 0), (23, 51, 1), (2, 54, 1), (2, 54, 0), (16, 56, 1), (16, 56, 0), (10, 9, 1), (10, 9, 0), (60, 22, 0), (60, 22, 1), (26, 54, 0), (26, 54, 1), (26, 54, 1), (26, 54, 0), (3, 10, 1), (3, 10, 1), (3, 10, 0), (3, 10, 0), (27, 58, 0), (27, 58, 1), (33, 15, 1), (33, 15, 0), (26, 41, 1), (26, 41, 0), (22, 60, 1), (22, 60, 0), (22, 11, 1), (22, 11, 0), (12, 56, 0), (12, 56, 1), (12, 56, 0), (12, 56, 1), (22, 21, 1), (22, 21, 0), (56, 9, 0), (56, 9, 1), (12, 56, 1), (12, 56, 0), (9, 54, 1), (9, 54, 0), (15, 56, 1), (15, 56, 0), (29, 53, 1), (29, 53, 0), (12, 59, 0), (12, 59, 1), (38, 15, 1), (48, 38, 1), (38, 15, 0), (48, 38, 0), (54, 9, 1), (54, 9, 0), (39, 56, 0), (39, 56, 1), (50, 9, 1), (50, 9, 0), (60, 11, 1), (60, 11, 0), (56, 50, 1), (56, 50, 0), (41, 1, 1), (41, 1, 0), (22, 0, 1), (22, 0, 0), (27, 54, 0), (54, 58, 1), (54, 58, 0), (27, 54, 1), (22, 17, 0), (22, 17, 1), (22, 9, 1), (22, 9, 0), (59, 22, 1), (59, 22, 0), (54, 9, 0), (54, 9, 1), (44, 35, 0), (13, 56, 1), (13, 56, 0), (17, 38, 1), (17, 38, 0), (53, 9, 1), (53, 9, 0), (13, 19, 0), (13, 19, 1), (45, 56, 0), (45, 56, 1), (33, 48, 0), (33, 48, 1), (13, 23, 0), (13, 23, 1), (53, 54, 0), (53, 54, 1), (48, 13, 1), (48, 13, 0), (15, 56, 1), (15, 56, 0), (2, 11, 1), (27, 2, 0), (27, 2, 1), (2, 11, 0), (58, 2, 0), (58, 2, 1), (36, 38, 0), (36, 38, 1), (43, 9, 1), (43, 9, 0), (59, 28, 1), (36, 3, 0), (36, 3, 1), (51, 56, 1), (51, 56, 0), (33, 22, 0), (33, 22, 1), (53, 9, 0), (53, 9, 1), (22, 26, 0), (22, 26, 1), (0, 28, 0), (0, 28, 1), (33, 43, 0), (33, 43, 1), (33, 43, 1), (33, 43, 0), (10, 9, 1), (10, 9, 0), (51, 56, 0), (51, 56, 1), (14, 16, 0), (14, 16, 1), (21, 54, 0), (21, 54, 1), (29, 9, 0), (29, 9, 1), (56, 54, 0), (56, 54, 1), (13, 19, 1), (13, 19, 0), (59, 33, 0), (59, 33, 1), (33, 56, 1), (33, 56, 0), (21, 40, 1), (21, 40, 1), (21, 40, 0), (21, 40, 0), (9, 10, 1), (9, 10, 0), (26, 11, 1), (26, 11, 0), (21, 56, 1), (21, 56, 0), (26, 54, 0), (26, 54, 1), (2, 22, 0), (2, 22, 1), (33, 54, 1), (33, 54, 0), (33, 22, 1), (33, 22, 0), (21, 8, 1), (21, 8, 0), (22, 54, 1), (22, 54, 0), (60, 54, 1), (60, 54, 0), (31, 33, 1), (31, 33, 0), (43, 54, 1), (43, 54, 0), (26, 54, 0), (26, 54, 1), (48, 31, 1), (48, 31, 0), (59, 56, 0), (59, 56, 1), (13, 58, 1), (13, 58, 0), (33, 41, 0), (33, 41, 1), (17, 28, 0), (17, 28, 1), (48, 15, 1), (48, 15, 0), (22, 54, 1), (22, 54, 0), (30, 54, 0), (47, 30, 1), (54, 30, 1), (47, 30, 0), (54, 30, 0), (30, 54, 1), (33, 54, 0), (33, 54, 1), (53, 9, 1), (53, 9, 0), (22, 28, 1), (37, 28, 1), (42, 46, 0), (43, 9, 0), (43, 9, 1), (13, 56, 1), (13, 56, 0), (56, 54, 1), (56, 54, 0), (39, 54, 1), (39, 54, 0), (33, 9, 0), (33, 9, 1), (26, 28, 1), (59, 20, 1), (59, 56, 1), (59, 20, 0), (59, 56, 0), (22, 11, 1), (22, 11, 0), (31, 35, 0), (31, 35, 1), (43, 54, 1), (43, 54, 0), (36, 38, 0), (36, 38, 1), (21, 25, 1), (21, 25, 0), (33, 9, 0), (33, 9, 1), (40, 54, 0), (40, 54, 1), (38, 43, 1), (38, 43, 0), (0, 57, 0), (0, 57, 1), (33, 56, 0), (33, 56, 1), (0, 9, 1), (0, 54, 0), (0, 9, 0), (0, 54, 1), (20, 3, 1), (20, 3, 1), (20, 3, 0), (20, 3, 0), (33, 22, 1), (33, 22, 0), (59, 56, 1), (59, 56, 0), (39, 56, 1), (32, 39, 1), (39, 56, 0), (32, 39, 0), (2, 55, 0), (2, 55, 1), (33, 58, 0), (33, 58, 1), (26, 54, 0), (26, 54, 1), (33, 22, 1), (33, 22, 0), (53, 9, 1), (53, 9, 0), (54, 11, 0), (54, 11, 1), (36, 10, 0), (36, 10, 1), (33, 35, 1), (33, 35, 0), (42, 9, 1), (59, 56, 1), (59, 56, 0), (22, 21, 1), (22, 21, 0), (22, 21, 1), (22, 21, 0), (33, 56, 0), (33, 56, 1), (59, 22, 0), (22, 26, 0), (59, 22, 1), (22, 26, 1), (17, 54, 1), (17, 54, 0), (18, 58, 1), (18, 58, 0), (57, 16, 1), (57, 16, 0), (26, 56, 0), (26, 56, 1), (31, 56, 1), (31, 56, 0), (60, 54, 1), (60, 54, 0), (48, 33, 0), (48, 33, 1), (36, 9, 0), (36, 9, 1), (33, 22, 0), (33, 22, 1), (22, 11, 0), (22, 11, 1), (32, 33, 0), (32, 33, 1), (40, 9, 1), (9, 54, 0), (40, 9, 0), (9, 54, 1), (33, 11, 0), (33, 11, 1), (26, 54, 0), (26, 54, 1), (22, 54, 0), (22, 54, 1), (33, 11, 1), (33, 11, 0), (10, 54, 0), (10, 54, 1), (21, 22, 0), (21, 22, 1), (21, 22, 1), (21, 22, 0), (15, 56, 0), (15, 56, 1), (60, 54, 0), (60, 54, 1), (12, 56, 0), (12, 56, 1), (12, 30, 1), (12, 30, 0), (59, 7, 0), (59, 7, 1), (43, 8, 1), (43, 8, 0), (2, 11, 1), (2, 11, 0), (33, 56, 1), (33, 56, 0), (33, 56, 1), (33, 56, 0), (43, 54, 0), (43, 54, 1), (26, 54, 0), (11, 26, 1), (11, 26, 0), (26, 54, 1), (54, 60, 1), (54, 60, 0), (27, 37, 0), (27, 37, 1), (58, 12, 0), (58, 12, 1), (33, 56, 1), (33, 56, 0), (36, 56, 0), (36, 56, 1), (33, 56, 1), (33, 56, 0), (21, 4, 1), (21, 4, 0), (26, 54, 1), (26, 54, 0), (22, 26, 0), (22, 26, 1), (21, 41, 0), (21, 41, 1), (26, 54, 1), (26, 54, 0), (33, 18, 1), (33, 18, 0), (13, 58, 1), (13, 58, 0), (22, 54, 0), (26, 54, 0), (22, 54, 1), (26, 54, 1), (26, 54, 1), (26, 54, 0), (39, 6, 0), (39, 6, 1), (22, 17, 1), (22, 17, 0), (56, 54, 1), (28, 56, 1), (28, 56, 0), (33, 57, 1), (33, 57, 0), (12, 56, 1), (12, 56, 0), (60, 22, 1), (60, 22, 0), (59, 54, 0), (59, 54, 1), (19, 13, 0), (13, 19, 1), (19, 13, 1), (13, 19, 0), (46, 9, 0), (46, 9, 1), (0, 56, 0), (0, 56, 1), (33, 54, 1), (33, 54, 0), (48, 56, 0), (48, 56, 1), (11, 9, 0), (11, 9, 1), (1, 54, 1), (1, 54, 0), (33, 54, 0), (33, 54, 1), (21, 54, 0), (21, 54, 1), (27, 30, 0), (27, 30, 1), (59, 57, 1), (59, 57, 0), (29, 54, 1), (29, 54, 0), (14, 54, 0), (14, 54, 1), (59, 56, 0), (59, 56, 1), (4, 54, 0), (4, 54, 1), (33, 56, 1), (33, 56, 0), (0, 22, 1), (0, 22, 0), (47, 24, 0), (47, 24, 1), (24, 54, 0), (24, 54, 1), (17, 54, 0), (17, 54, 1), (59, 47, 0), (59, 47, 1), (17, 28, 0), (17, 28, 1), (12, 22, 0), (12, 22, 1), (5, 54, 1), (5, 54, 0), (33, 56, 0), (33, 56, 1), (29, 22, 0), (29, 22, 1), (27, 54, 1), (27, 54, 0), (22, 29, 1), (29, 22, 0), (22, 29, 0), (29, 22, 1), (54, 9, 1), (54, 9, 0), (28, 10, 0), (59, 54, 1), (59, 54, 0), (2, 11, 0), (2, 54, 0), (2, 54, 1), (33, 54, 0), (36, 11, 0), (36, 11, 1), (33, 54, 1), (8, 43, 1), (8, 43, 0), (26, 54, 0), (26, 54, 1), (48, 34, 1), (34, 56, 0), (34, 56, 1), (48, 34, 0), (33, 56, 0), (33, 56, 1), (52, 9, 1), (52, 9, 0), (2, 22, 0), (2, 22, 1), (2, 56, 1), (2, 56, 0), (26, 22, 1), (26, 22, 0), (35, 44, 0), (35, 44, 1), (43, 9, 0), (43, 9, 1), (59, 33, 0), (59, 33, 1), (39, 22, 0), (39, 22, 1), (33, 9, 0), (33, 9, 1), (33, 20, 0), (33, 20, 1), (21, 54, 1), (21, 54, 0), (51, 56, 1), (51, 56, 0), (22, 54, 1), (22, 54, 0), (59, 20, 1), (59, 20, 0), (12, 58, 1), (12, 58, 0), (4, 57, 1), (4, 57, 0), (54, 52, 0), (54, 52, 1), (48, 14, 1), (48, 14, 0), (33, 54, 0), (33, 54, 1), (2, 9, 1), (2, 56, 1), (2, 56, 0), (2, 9, 0), (22, 33, 0), (22, 33, 1), (22, 28, 1), (26, 22, 0), (22, 26, 1), (22, 28, 0), (26, 22, 1), (22, 26, 0), (33, 56, 0), (33, 56, 1), (27, 22, 1), (27, 22, 0), (33, 56, 1), (33, 56, 0), (55, 22, 0), (55, 22, 1), (26, 54, 0), (26, 54, 1), (33, 22, 0), (33, 22, 1), (48, 45, 0), (48, 45, 1), (33, 37, 0), (33, 37, 1), (29, 54, 0), (33, 54, 0), (33, 54, 1), (29, 54, 1), (33, 56, 1), (33, 56, 0), (33, 23, 0), (33, 23, 1), (54, 9, 0), (54, 9, 1), (13, 56, 0), (13, 56, 1), (33, 28, 0), (33, 28, 1), (43, 56, 1), (43, 56, 0), (60, 54, 0), (60, 54, 1), (22, 39, 0), (22, 39, 1), (59, 56, 1), (59, 56, 0), (7, 13, 1), (7, 13, 0), (15, 56, 0), (15, 56, 1), (22, 11, 0), (22, 11, 1), (27, 56, 0), (27, 56, 1), (2, 28, 1), (2, 28, 1), (2, 28, 0), (42, 2, 0), (42, 2, 0), (2, 28, 0), (33, 32, 1), (33, 32, 0), (33, 22, 0), (33, 22, 1), (4, 57, 1), (4, 57, 0), (25, 50, 0), (25, 50, 1), (22, 54, 1), (22, 54, 0), (32, 56, 1), (32, 56, 0), (26, 54, 1), (26, 54, 1), (26, 54, 0), (26, 54, 0), (33, 56, 0), (33, 56, 1), (59, 42, 0), (26, 54, 1), (26, 54, 0), (9, 5, 1), (9, 5, 0), (33, 2, 1), (33, 9, 0), (33, 2, 0), (33, 9, 1), (57, 33, 0), (57, 33, 1), (28, 22, 0), (22, 28, 1), (22, 28, 0), (60, 54, 0), (60, 54, 1), (22, 2, 0), (22, 2, 1), (2, 54, 1), (2, 54, 0), (11, 9, 0), (11, 9, 1), (33, 2, 1), (33, 2, 0), (19, 56, 1), (19, 56, 0), (39, 59, 1), (39, 59, 0), (59, 20, 0), (59, 20, 1), (27, 54, 0), (27, 54, 1), (21, 54, 0), (21, 54, 1), (33, 56, 1), (33, 56, 0), (33, 54, 0), (33, 54, 0), (33, 54, 1), (33, 54, 1), (31, 9, 0), (31, 9, 1), (2, 11, 1), (2, 11, 0), (22, 57, 1), (22, 57, 0), (43, 9, 0), (43, 9, 1), (22, 21, 0), (22, 21, 1), (22, 54, 0), (22, 54, 1), (59, 33, 1), (59, 33, 0), (2, 11, 1), (2, 11, 0), (22, 29, 1), (22, 29, 0), (1, 54, 0), (1, 54, 1), (26, 41, 0), (26, 41, 1), (22, 17, 1), (22, 17, 0), (5, 57, 1), (5, 57, 0), (12, 39, 1), (12, 39, 0), (33, 58, 0), (33, 58, 1), (49, 27, 1), (49, 27, 0), (32, 56, 0), (32, 56, 1), (19, 13, 1), (19, 13, 0), (27, 56, 0), (27, 56, 1), (12, 58, 0), (12, 58, 1), (0, 22, 0), (0, 22, 0), (0, 22, 0), (22, 54, 1), (22, 54, 0), (0, 22, 1), (0, 22, 1), (0, 22, 1), (60, 56, 1), (60, 56, 0), (26, 54, 1), (26, 54, 0), (4, 54, 0), (4, 54, 1), (33, 54, 0), (33, 54, 1), (10, 57, 1), (10, 57, 0), (10, 9, 1), (10, 9, 0), (6, 49, 1), (6, 49, 0), (22, 54, 1), (22, 54, 0), (33, 9, 1), (33, 9, 0), (59, 10, 1), (59, 10, 0), (27, 30, 1), (27, 30, 0), (22, 54, 0), (22, 54, 1), (54, 30, 1), (54, 30, 0), (33, 2, 1), (33, 2, 0), (12, 56, 0), (12, 56, 1), (33, 36, 1), (36, 9, 1), (33, 36, 0), (36, 9, 0)]
unique train_triplets = 396
