#unique subjects =  386
#unique objects =  253
#unique concepts =  439
#instances =  2505

role intrinsic meanings: linguistic position

concept_centric_entropy3 :  0.6668365254044238
concept_centric_entropy4 :  0.21301667471751923
concept_centric_entropy5 :  0.18779541380782167
relation_centric_entropy3 :  8.39875622113923
relation_centric_entropy4 :  4.958079636192509
relation_centric_entropy5 :  4.0385232516187966
divergence :  -1.5298194867394201
divergence2 :  -0.19216415079445895
divergence3 :  -0.2173854117041567
concept_role_entropy :  3.2351341996632272
concept_role_entropy2 :  2.3407990759992225
role_association :  2.371263096112041
role_association2 :  1.4769279724480242
concept_entropy :  5.150243786986985
concept_entropy2 :  4.255908663322958
concept_entropy0 :  4.964287853939321
concept_role_index_entropy :  0.4319355517755963

role intrinsic meanings: image position

concept_centric_entropy3 :  0.6668365254044238
concept_centric_entropy4 :  0.2901523431195695
concept_centric_entropy5 :  0.3004779631755465
relation_centric_entropy3 :  8.39875622113923
relation_centric_entropy4 :  4.948718149281922
relation_centric_entropy5 :  4.047884738529383
divergence :  -1.5298194867394201
divergence2 :  -0.11502848239240857
divergence3 :  -0.10470286233643178
concept_role_entropy :  2.980245286517928
concept_role_entropy2 :  2.0690862557094234
role_association :  2.3061924007365224
role_association2 :  1.3950333699280053
concept_entropy :  5.063746631674343
concept_entropy2 :  4.152587600865819
concept_entropy0 :  4.964287853939321
concept_role_index_entropy :  0.33702644289070866


--------------------------------------------------------
crux_nouns

role intrinsic meanings: linguistic position

#unique concepts =  77
#instances =  784
2 77 

#unique O1 =  77
#unique O2 =  77
concept_centric_entropy3 :  0.7994266228742116
concept_centric_entropy4 :  0.26182033828210205
concept_centric_entropy5 :  0.2613431031999389
relation_centric_entropy3 :  5.763266011942262
relation_centric_entropy4 :  3.526004965219975
relation_centric_entropy5 :  2.920271941853417
divergence :  -1.4975066689177403
divergence2 :  -0.19349912705392852
divergence3 :  -0.19397636213609154
concept_role_entropy :  2.7860757747501324
concept_role_entropy2 :  2.180819986465736
role_association :  1.8268016982268322
role_association2 :  1.2215459099424384
concept_entropy :  3.7195040922739024
concept_entropy2 :  3.1142483039895086
concept_entropy0 :  3.6303863404300007
concept_role_index_entropy :  0.4796370382616492
--------------------------------------------------------


role intrinsic meanings: image position

#unique concepts =  77
#instances =  784
2 77 

#unique O1 =  77
#unique O2 =  77
concept_centric_entropy3 :  0.7994266228742116
concept_centric_entropy4 :  0.35456307544140186
concept_centric_entropy5 :  0.33627857952755746
relation_centric_entropy3 :  5.763266011942262
relation_centric_entropy4 :  3.4810320209905963
relation_centric_entropy5 :  2.9652448860827954
divergence :  -1.4975066689177403
divergence2 :  -0.10075638989462848
divergence3 :  -0.11904088580847307
concept_role_entropy :  2.453413124998819
concept_role_entropy2 :  1.9559104860048633
role_association :  1.661817261962438
role_association2 :  1.1643146229684842
concept_entropy :  3.5817884108852236
concept_entropy2 :  3.084285771891268
concept_entropy0 :  3.6303863404300007
concept_role_index_entropy :  0.3957979315181901
--------------------------------------------------------

784
train_triplets under image positional roles:
[(49, 63, 1), (49, 63, 1), (49, 63, 0), (49, 63, 0), (49, 63, 0), (52, 49, 0), (52, 49, 0), (49, 63, 0), (52, 49, 0), (30, 49, 0), (30, 49, 0), (18, 41, 1), (18, 41, 1), (18, 41, 0), (49, 63, 0), (47, 49, 0), (32, 63, 1), (32, 63, 1), (32, 63, 0), (21, 6, 0), (21, 6, 0), (45, 72, 0), (9, 18, 0), (18, 6, 0), (9, 19, 0), (26, 6, 1), (26, 6, 0), (26, 6, 0), (26, 6, 0), (18, 6, 0), (18, 57, 0), (52, 49, 0), (29, 49, 0), (8, 24, 0), (8, 24, 1), (9, 6, 0), (10, 73, 0), (49, 63, 0), (49, 63, 0), (47, 49, 0), (52, 63, 0), (70, 8, 0), (70, 8, 1), (47, 49, 0), (49, 63, 1), (49, 63, 1), (29, 49, 0), (49, 29, 1), (49, 29, 0), (49, 63, 0), (21, 6, 0), (47, 64, 0), (43, 72, 0), (12, 23, 0), (16, 18, 1), (16, 18, 1), (16, 18, 0), (26, 66, 0), (11, 6, 0), (35, 1, 0), (76, 45, 0), (70, 76, 1), (70, 76, 1), (70, 76, 1), (10, 73, 0), (49, 63, 0), (49, 63, 0), (49, 63, 1), (49, 63, 0), (49, 63, 0), (35, 63, 0), (49, 18, 0), (49, 72, 0), (49, 18, 1), (20, 72, 0), (29, 63, 0), (2, 36, 0), (18, 21, 0), (36, 17, 0), (18, 19, 0), (19, 18, 0), (19, 18, 1), (11, 23, 0), (18, 23, 0), (69, 23, 0), (22, 23, 0), (22, 23, 0), (22, 23, 0), (22, 23, 0), (52, 43, 0), (52, 43, 0), (21, 6, 0), (13, 69, 0), (35, 63, 0), (49, 63, 0), (72, 22, 0), (22, 23, 0), (47, 49, 0), (35, 23, 0), (49, 23, 0), (26, 19, 0), (35, 6, 0), (70, 76, 1), (70, 76, 1), (20, 72, 0), (15, 66, 0), (15, 66, 1), (15, 66, 1), (49, 63, 0), (7, 6, 0), (25, 63, 0), (53, 23, 0), (11, 23, 0), (52, 49, 0), (26, 10, 0), (31, 33, 0), (49, 63, 0), (49, 63, 0), (49, 63, 0), (49, 63, 0), (49, 63, 1), (29, 49, 0), (5, 8, 0), (72, 74, 1), (47, 63, 0), (47, 63, 0), (41, 63, 0), (29, 49, 0), (18, 67, 0), (18, 23, 0), (67, 23, 0), (18, 8, 0), (52, 49, 0), (10, 73, 0), (9, 6, 0), (46, 6, 0), (46, 6, 0), (68, 14, 1), (68, 14, 0), (68, 14, 0), (49, 63, 0), (44, 60, 0), (44, 60, 0), (52, 43, 0), (47, 69, 0), (47, 69, 0), (13, 63, 0), (13, 49, 0), (29, 63, 0), (18, 35, 0), (27, 24, 0), (29, 49, 0), (20, 72, 0), (13, 49, 0), (9, 6, 0), (12, 63, 0), (26, 58, 0), (10, 73, 0), (11, 63, 0), (49, 63, 0), (11, 63, 0), (10, 73, 0), (29, 63, 0), (9, 6, 0), (54, 6, 0), (49, 63, 0), (3, 20, 0), (3, 20, 1), (49, 63, 0), (52, 49, 0), (52, 13, 0), (29, 69, 1), (29, 69, 1), (29, 69, 0), (47, 32, 0), (47, 32, 1), (29, 43, 1), (43, 63, 0), (49, 48, 1), (49, 48, 1), (47, 63, 0), (47, 49, 0), (49, 48, 0), (26, 38, 0), (47, 49, 0), (49, 63, 0), (9, 23, 0), (29, 49, 0), (49, 63, 1), (49, 63, 1), (49, 63, 0), (49, 63, 0), (52, 49, 0), (31, 19, 1), (31, 19, 1), (31, 19, 0), (31, 19, 0), (7, 6, 0), (47, 25, 0), (47, 49, 0), (52, 49, 0), (75, 56, 0), (75, 56, 1), (73, 5, 0), (5, 73, 1), (47, 49, 0), (10, 73, 1), (10, 73, 0), (35, 12, 0), (35, 63, 0), (47, 63, 0), (25, 63, 1), (25, 63, 0), (25, 63, 0), (35, 63, 0), (26, 19, 0), (26, 19, 0), (26, 19, 0), (72, 20, 1), (47, 49, 0), (29, 49, 0), (29, 63, 0), (29, 49, 0), (21, 6, 0), (46, 6, 0), (43, 69, 0), (21, 6, 0), (35, 23, 0), (47, 69, 0), (2, 6, 0), (35, 6, 0), (29, 49, 1), (29, 49, 0), (44, 60, 0), (20, 72, 0), (46, 6, 0), (46, 6, 0), (35, 23, 0), (35, 63, 0), (41, 63, 0), (49, 15, 0), (49, 48, 0), (48, 63, 0), (52, 49, 0), (9, 6, 0), (65, 56, 0), (65, 56, 1), (9, 6, 0), (18, 19, 0), (59, 70, 0), (33, 24, 0), (33, 24, 1), (39, 63, 0), (34, 23, 0), (33, 70, 0), (18, 19, 0), (29, 63, 0), (35, 63, 0), (35, 63, 0), (35, 63, 0), (69, 63, 0), (52, 49, 0), (49, 63, 0), (43, 63, 0), (18, 63, 0), (47, 63, 0), (21, 6, 0), (63, 4, 1), (7, 6, 0), (63, 4, 0), (22, 23, 0), (30, 63, 0), (30, 49, 0), (18, 67, 0), (18, 67, 1), (67, 6, 0), (2, 67, 0), (47, 63, 1), (69, 63, 1), (47, 63, 1), (47, 69, 1), (47, 69, 1), (69, 63, 0), (69, 63, 0), (47, 69, 0), (47, 63, 0), (47, 69, 0), (47, 63, 0), (4, 63, 0), (45, 72, 0), (49, 63, 0), (29, 49, 0), (74, 66, 1), (74, 66, 0), (61, 6, 0), (5, 59, 0), (47, 49, 0), (11, 55, 0), (69, 63, 0), (18, 63, 0), (18, 63, 0), (18, 57, 0), (54, 6, 0), (13, 49, 0), (49, 63, 0), (49, 63, 0), (29, 49, 0), (49, 63, 1), (70, 33, 1), (70, 33, 0), (48, 63, 0), (18, 34, 0), (18, 35, 0), (52, 63, 0), (30, 47, 0), (35, 63, 0), (35, 63, 0), (11, 6, 0), (10, 73, 0), (18, 63, 0), (9, 6, 0), (9, 6, 0), (31, 19, 0), (13, 49, 0), (18, 34, 0), (34, 23, 0), (47, 49, 1), (63, 49, 0), (47, 49, 0), (47, 49, 0), (44, 10, 0), (70, 59, 0), (70, 59, 1), (18, 6, 0), (21, 6, 0), (47, 42, 0), (14, 68, 1), (14, 68, 1), (14, 68, 0), (11, 23, 0), (29, 49, 0), (49, 63, 1), (49, 63, 0), (75, 68, 1), (75, 68, 0), (31, 62, 0), (9, 6, 0), (47, 49, 0), (23, 75, 0), (18, 23, 0), (23, 75, 1), (47, 49, 0), (46, 6, 0), (46, 6, 0), (46, 6, 0), (46, 6, 0), (42, 63, 0), (18, 23, 0), (7, 6, 0), (4, 63, 0), (18, 45, 0), (29, 63, 0), (2, 72, 0), (2, 72, 0), (49, 63, 0), (49, 63, 0), (45, 72, 0), (18, 23, 0), (22, 23, 0), (46, 6, 0), (54, 6, 0), (54, 6, 0), (70, 8, 0), (70, 8, 1), (11, 23, 0), (11, 6, 0), (26, 6, 0), (54, 6, 0), (18, 66, 0), (45, 72, 0), (10, 73, 0), (29, 25, 0), (49, 63, 0), (29, 49, 0), (49, 63, 0), (49, 41, 1), (49, 41, 1), (49, 41, 0), (29, 49, 0), (10, 73, 0), (6, 26, 0), (26, 6, 0), (26, 6, 0), (6, 26, 1), (26, 46, 0), (6, 26, 1), (26, 54, 0), (26, 46, 1), (46, 6, 0), (31, 46, 0), (46, 6, 0), (9, 6, 0), (26, 6, 0), (29, 49, 0), (9, 44, 1), (9, 44, 1), (9, 44, 0), (18, 63, 0), (25, 63, 0), (22, 6, 0), (21, 6, 0), (27, 24, 0), (7, 6, 0), (69, 63, 0), (29, 69, 0), (30, 49, 0), (28, 63, 1), (28, 63, 1), (28, 63, 0), (11, 23, 0), (18, 23, 0), (18, 39, 0), (18, 39, 1), (4, 63, 0), (46, 6, 0), (18, 66, 0), (58, 1, 0), (75, 68, 0), (75, 68, 0), (75, 68, 1), (75, 68, 1), (75, 68, 1), (75, 68, 0), (18, 8, 0), (46, 6, 0), (46, 6, 0), (45, 72, 0), (52, 49, 0), (22, 63, 0), (52, 69, 0), (28, 63, 0), (52, 28, 0), (34, 63, 0), (74, 14, 0), (14, 73, 1), (14, 73, 0), (74, 14, 1), (18, 2, 0), (35, 23, 0), (26, 6, 0), (18, 6, 0), (52, 63, 0), (29, 69, 0), (29, 63, 0), (18, 61, 0), (18, 61, 0), (30, 49, 0), (47, 49, 0), (47, 49, 1), (29, 49, 1), (49, 63, 0), (29, 49, 1), (29, 49, 0), (13, 49, 0), (35, 6, 0), (20, 72, 0), (46, 6, 0), (68, 14, 0), (57, 63, 0), (30, 49, 0), (35, 23, 0), (25, 63, 0), (35, 63, 0), (13, 63, 0), (52, 49, 0), (52, 49, 0), (52, 49, 1), (2, 11, 0), (34, 23, 0), (18, 6, 0), (75, 68, 1), (75, 68, 0), (49, 63, 0), (49, 63, 0), (48, 63, 0), (46, 6, 0), (26, 19, 1), (26, 19, 0), (49, 63, 0), (18, 12, 0), (18, 12, 1), (73, 5, 1), (13, 49, 0), (37, 63, 0), (21, 6, 0), (7, 6, 0), (52, 49, 0), (26, 6, 0), (26, 6, 0), (49, 30, 0), (30, 49, 0), (29, 49, 0), (49, 63, 0), (24, 71, 0), (56, 70, 0), (18, 51, 0), (47, 63, 0), (18, 2, 0), (47, 63, 0), (47, 48, 0), (47, 48, 1), (26, 8, 0), (8, 14, 0), (7, 6, 0), (2, 6, 0), (49, 63, 0), (26, 9, 0), (49, 63, 0), (35, 23, 0), (56, 72, 0), (35, 63, 0), (22, 23, 0), (18, 23, 0), (20, 72, 0), (49, 63, 0), (59, 70, 0), (30, 63, 0), (49, 63, 0), (35, 23, 0), (26, 6, 0), (45, 72, 0), (63, 3, 0), (35, 63, 0), (49, 63, 0), (47, 49, 0), (49, 63, 0), (29, 69, 0), (49, 63, 0), (35, 23, 0), (46, 6, 0), (54, 6, 0), (29, 49, 0), (52, 49, 0), (47, 41, 0), (47, 43, 0), (47, 41, 0), (47, 41, 0), (47, 41, 1), (35, 63, 0), (35, 63, 0), (0, 6, 0), (18, 0, 1), (18, 0, 1), (18, 0, 0), (45, 72, 0), (44, 33, 0), (22, 63, 1), (22, 63, 1), (22, 63, 0), (35, 63, 0), (64, 63, 0), (55, 23, 0), (43, 63, 0), (50, 63, 0), (13, 49, 0), (35, 23, 0), (22, 23, 0), (29, 49, 0), (12, 63, 0), (31, 17, 0), (31, 33, 0), (17, 33, 0), (45, 66, 0), (54, 6, 0), (10, 73, 0), (66, 51, 1), (49, 48, 0), (49, 64, 1), (49, 64, 1), (49, 64, 0), (30, 49, 0), (18, 57, 0), (33, 40, 0), (33, 40, 0), (12, 55, 0), (30, 49, 0), (30, 49, 0), (47, 49, 0), (51, 72, 0), (24, 62, 0), (62, 16, 0), (29, 63, 0), (29, 63, 0), (49, 63, 0), (22, 23, 0), (45, 72, 0), (72, 76, 0), (47, 63, 0), (47, 63, 0), (47, 43, 1), (47, 43, 1), (47, 43, 0), (47, 63, 0), (30, 41, 0), (41, 63, 0), (52, 49, 0), (20, 72, 0), (26, 37, 0), (26, 37, 1), (26, 37, 1), (49, 63, 0), (34, 63, 0), (47, 28, 1), (47, 28, 1), (47, 28, 0), (47, 28, 0), (18, 6, 0), (46, 6, 0), (71, 68, 0), (20, 56, 1), (20, 56, 0), (20, 56, 0), (46, 6, 0), (21, 6, 0), (49, 63, 0), (63, 49, 0), (49, 69, 0), (52, 49, 0), (52, 63, 0), (40, 27, 0), (11, 63, 0), (35, 7, 0), (9, 6, 0), (46, 6, 0), (70, 73, 1), (29, 49, 0), (10, 73, 0), (10, 73, 0), (26, 66, 0), (9, 26, 1), (26, 46, 0), (9, 26, 1), (9, 6, 0), (9, 26, 0), (26, 46, 1), (10, 73, 0), (12, 63, 0), (2, 63, 0), (59, 70, 0), (53, 72, 0), (29, 49, 0), (29, 63, 0), (49, 37, 0), (13, 49, 0), (57, 15, 0), (52, 43, 0), (52, 43, 0), (52, 43, 1), (25, 63, 0), (36, 17, 0), (37, 63, 0), (1, 8, 0), (39, 23, 0), (35, 63, 0), (25, 63, 0), (70, 33, 1), (70, 33, 0), (52, 49, 0), (38, 24, 1), (38, 24, 0), (13, 2, 1), (13, 2, 1), (31, 50, 0), (59, 70, 0), (52, 49, 0), (18, 35, 0), (18, 6, 0), (35, 6, 0), (49, 63, 0), (18, 6, 0), (13, 49, 0), (30, 63, 0), (46, 6, 0), (21, 6, 0), (72, 6, 1), (54, 6, 0), (44, 60, 0), (43, 23, 0), (43, 23, 0), (35, 23, 0), (47, 49, 0), (9, 6, 0), (35, 23, 0), (52, 49, 0), (41, 63, 0), (49, 41, 0), (49, 41, 0), (41, 63, 0), (49, 41, 1), (49, 41, 1), (13, 52, 0), (18, 16, 0), (47, 63, 0), (9, 6, 0), (74, 6, 0), (18, 35, 1), (18, 35, 1), (18, 35, 0), (18, 35, 0), (26, 38, 1), (26, 38, 1), (26, 38, 0), (57, 66, 0), (57, 66, 1), (12, 63, 0), (18, 6, 0), (9, 6, 0), (36, 17, 0), (52, 49, 0), (49, 63, 0), (35, 23, 0), (49, 69, 0), (13, 49, 0), (47, 63, 0), (72, 31, 1), (29, 49, 0), (23, 22, 0), (23, 22, 1), (23, 22, 1), (75, 72, 0), (44, 59, 0), (67, 19, 0), (44, 68, 0), (49, 63, 1), (49, 63, 1), (49, 63, 1), (52, 49, 0), (49, 63, 0), (49, 63, 0), (23, 19, 0), (23, 19, 1), (14, 73, 1), (14, 73, 0), (63, 19, 0), (63, 19, 1), (9, 6, 0), (9, 6, 0), (56, 72, 0), (56, 72, 0), (35, 23, 0), (35, 53, 1), (35, 53, 0), (70, 76, 0), (70, 76, 1), (47, 49, 0), (47, 63, 0), (49, 63, 0), (49, 63, 0), (48, 63, 0), (9, 6, 0), (49, 48, 0), (2, 63, 0), (47, 49, 0), (49, 63, 0), (31, 6, 0), (49, 63, 0), (11, 65, 1), (11, 65, 1), (11, 65, 0), (41, 49, 0), (54, 6, 0), (34, 63, 0), (59, 56, 0), (26, 6, 0), (22, 6, 0), (49, 63, 0), (35, 63, 0), (44, 33, 0), (29, 63, 0), (46, 6, 0), (18, 6, 0), (2, 23, 0), (22, 23, 0), (60, 59, 0)]
unique train_triplets = 287
